LTLf+ Formula: E((!(p) | X(p))). Color: 2. Prefix Quantifier: E
LTLf+ Formula: A(G((r | !(r)))). Color: 1. Prefix Quantifier: A
LTLf+ Formula: A(p). Color: 0. Prefix Quantifier: A
Using obligation fragment synthesizer
Converted Exists formula to symbolic DFA for color 
Converted Forall formula to symbolic DFA for color 
Converted Forall formula to symbolic DFA for color 
AND pruduct computed

[ObligationFragment] DFA created in 0 ms
Solving with WeakGameSolver
Starting WeakGameSolver
[01:31:53.270] [debug] ===== DFA DUMP =====
[01:31:53.270] [debug] [WeakGameSolver] State bits: 6
[01:31:53.270] [debug] [WeakGameSolver] Input vars: 2
[01:31:53.270] [debug] [WeakGameSolver] Output vars: 1
[01:31:53.270] [debug] [WeakGameSolver] Initial state BDD node count: 7
[01:31:53.270] [debug] [WeakGameSolver] Total possible states: 64
[01:31:53.270] [debug] [WeakGameSolver] Accepting states: {5, 16, 17, 18, 19, 20, 21, 22, 23, 24, 25, 26, 27, 28, 29, 30, 31}
[01:31:53.270] [debug] [WeakGameSolver] Input variable count: 2
[01:31:53.270] [debug] [WeakGameSolver] Output variable count: 1
[01:31:53.270] [debug] [WeakGameSolver] (Automaton too large to dump all transitions)
[01:31:53.270] [debug] [WeakGameSolver] ===== END DFA DUMP =====
===PYDFA_BEGIN===
num_state_bits=6
num_inputs=2
num_outputs=1
state_var_indices=9,10,11,12,13,14
input_labels=q,p
output_labels=r
trans_func_0=1,0,0;5,0,0;9,0,0;13,0,0;17,0,0;21,0,0;25,0,0;29,0,0;33,0,0;37,0,0;41,0,0;45,0,0;49,0,0;53,0,0;57,0,0;61,0,0;1,1,0;5,1,0;9,1,0;13,1,0;17,1,0;21,1,0;25,1,0;29,1,0;33,1,0;37,1,0;41,1,0;45,1,0;49,1,0;53,1,0;57,1,0;61,1,0;0,2,0;1,2,0;4,2,0;5,2,0;8,2,0;9,2,0;12,2,0;13,2,0;16,2,0;17,2,0;20,2,0;21,2,0;24,2,0;25,2,0;28,2,0;29,2,0;32,2,0;33,2,0;36,2,0;37,2,0;40,2,0;41,2,0;44,2,0;45,2,0;48,2,0;49,2,0;52,2,0;53,2,0;56,2,0;57,2,0;60,2,0;61,2,0;0,3,0;1,3,0;4,3,0;5,3,0;8,3,0;9,3,0;12,3,0;13,3,0;16,3,0;17,3,0;20,3,0;21,3,0;24,3,0;25,3,0;28,3,0;29,3,0;32,3,0;33,3,0;36,3,0;37,3,0;40,3,0;41,3,0;44,3,0;45,3,0;48,3,0;49,3,0;52,3,0;53,3,0;56,3,0;57,3,0;60,3,0;61,3,0;1,0,1;5,0,1;9,0,1;13,0,1;17,0,1;21,0,1;25,0,1;29,0,1;33,0,1;37,0,1;41,0,1;45,0,1;49,0,1;53,0,1;57,0,1;61,0,1;1,1,1;5,1,1;9,1,1;13,1,1;17,1,1;21,1,1;25,1,1;29,1,1;33,1,1;37,1,1;41,1,1;45,1,1;49,1,1;53,1,1;57,1,1;61,1,1;0,2,1;1,2,1;4,2,1;5,2,1;8,2,1;9,2,1;12,2,1;13,2,1;16,2,1;17,2,1;20,2,1;21,2,1;24,2,1;25,2,1;28,2,1;29,2,1;32,2,1;33,2,1;36,2,1;37,2,1;40,2,1;41,2,1;44,2,1;45,2,1;48,2,1;49,2,1;52,2,1;53,2,1;56,2,1;57,2,1;60,2,1;61,2,1;0,3,1;1,3,1;4,3,1;5,3,1;8,3,1;9,3,1;12,3,1;13,3,1;16,3,1;17,3,1;20,3,1;21,3,1;24,3,1;25,3,1;28,3,1;29,3,1;32,3,1;33,3,1;36,3,1;37,3,1;40,3,1;41,3,1;44,3,1;45,3,1;48,3,1;49,3,1;52,3,1;53,3,1;56,3,1;57,3,1;60,3,1;61,3,1
trans_func_1=0,0,0;2,0,0;4,0,0;6,0,0;8,0,0;10,0,0;12,0,0;14,0,0;16,0,0;18,0,0;20,0,0;22,0,0;24,0,0;26,0,0;28,0,0;30,0,0;32,0,0;34,0,0;36,0,0;38,0,0;40,0,0;42,0,0;44,0,0;46,0,0;48,0,0;50,0,0;52,0,0;54,0,0;56,0,0;58,0,0;60,0,0;62,0,0;0,1,0;2,1,0;4,1,0;6,1,0;8,1,0;10,1,0;12,1,0;14,1,0;16,1,0;18,1,0;20,1,0;22,1,0;24,1,0;26,1,0;28,1,0;30,1,0;32,1,0;34,1,0;36,1,0;38,1,0;40,1,0;42,1,0;44,1,0;46,1,0;48,1,0;50,1,0;52,1,0;54,1,0;56,1,0;58,1,0;60,1,0;62,1,0;2,2,0;6,2,0;10,2,0;14,2,0;18,2,0;22,2,0;26,2,0;30,2,0;34,2,0;38,2,0;42,2,0;46,2,0;50,2,0;54,2,0;58,2,0;62,2,0;2,3,0;6,3,0;10,3,0;14,3,0;18,3,0;22,3,0;26,3,0;30,3,0;34,3,0;38,3,0;42,3,0;46,3,0;50,3,0;54,3,0;58,3,0;62,3,0;0,0,1;2,0,1;4,0,1;6,0,1;8,0,1;10,0,1;12,0,1;14,0,1;16,0,1;18,0,1;20,0,1;22,0,1;24,0,1;26,0,1;28,0,1;30,0,1;32,0,1;34,0,1;36,0,1;38,0,1;40,0,1;42,0,1;44,0,1;46,0,1;48,0,1;50,0,1;52,0,1;54,0,1;56,0,1;58,0,1;60,0,1;62,0,1;0,1,1;2,1,1;4,1,1;6,1,1;8,1,1;10,1,1;12,1,1;14,1,1;16,1,1;18,1,1;20,1,1;22,1,1;24,1,1;26,1,1;28,1,1;30,1,1;32,1,1;34,1,1;36,1,1;38,1,1;40,1,1;42,1,1;44,1,1;46,1,1;48,1,1;50,1,1;52,1,1;54,1,1;56,1,1;58,1,1;60,1,1;62,1,1;2,2,1;6,2,1;10,2,1;14,2,1;18,2,1;22,2,1;26,2,1;30,2,1;34,2,1;38,2,1;42,2,1;46,2,1;50,2,1;54,2,1;58,2,1;62,2,1;2,3,1;6,3,1;10,3,1;14,3,1;18,3,1;22,3,1;26,3,1;30,3,1;34,3,1;38,3,1;42,3,1;46,3,1;50,3,1;54,3,1;58,3,1;62,3,1
trans_func_2=0,0,0;1,0,0;2,0,0;3,0,0;4,0,0;5,0,0;6,0,0;7,0,0;16,0,0;17,0,0;18,0,0;19,0,0;20,0,0;21,0,0;22,0,0;23,0,0;32,0,0;33,0,0;34,0,0;35,0,0;36,0,0;37,0,0;38,0,0;39,0,0;48,0,0;49,0,0;50,0,0;51,0,0;52,0,0;53,0,0;54,0,0;55,0,0;0,1,0;1,1,0;2,1,0;3,1,0;4,1,0;5,1,0;6,1,0;7,1,0;16,1,0;17,1,0;18,1,0;19,1,0;20,1,0;21,1,0;22,1,0;23,1,0;32,1,0;33,1,0;34,1,0;35,1,0;36,1,0;37,1,0;38,1,0;39,1,0;48,1,0;49,1,0;50,1,0;51,1,0;52,1,0;53,1,0;54,1,0;55,1,0;0,2,0;1,2,0;2,2,0;3,2,0;4,2,0;5,2,0;6,2,0;7,2,0;16,2,0;17,2,0;18,2,0;19,2,0;20,2,0;21,2,0;22,2,0;23,2,0;32,2,0;33,2,0;34,2,0;35,2,0;36,2,0;37,2,0;38,2,0;39,2,0;48,2,0;49,2,0;50,2,0;51,2,0;52,2,0;53,2,0;54,2,0;55,2,0;0,3,0;1,3,0;2,3,0;3,3,0;4,3,0;5,3,0;6,3,0;7,3,0;16,3,0;17,3,0;18,3,0;19,3,0;20,3,0;21,3,0;22,3,0;23,3,0;32,3,0;33,3,0;34,3,0;35,3,0;36,3,0;37,3,0;38,3,0;39,3,0;48,3,0;49,3,0;50,3,0;51,3,0;52,3,0;53,3,0;54,3,0;55,3,0;0,0,1;1,0,1;2,0,1;3,0,1;4,0,1;5,0,1;6,0,1;7,0,1;16,0,1;17,0,1;18,0,1;19,0,1;20,0,1;21,0,1;22,0,1;23,0,1;32,0,1;33,0,1;34,0,1;35,0,1;36,0,1;37,0,1;38,0,1;39,0,1;48,0,1;49,0,1;50,0,1;51,0,1;52,0,1;53,0,1;54,0,1;55,0,1;0,1,1;1,1,1;2,1,1;3,1,1;4,1,1;5,1,1;6,1,1;7,1,1;16,1,1;17,1,1;18,1,1;19,1,1;20,1,1;21,1,1;22,1,1;23,1,1;32,1,1;33,1,1;34,1,1;35,1,1;36,1,1;37,1,1;38,1,1;39,1,1;48,1,1;49,1,1;50,1,1;51,1,1;52,1,1;53,1,1;54,1,1;55,1,1;0,2,1;1,2,1;2,2,1;3,2,1;4,2,1;5,2,1;6,2,1;7,2,1;16,2,1;17,2,1;18,2,1;19,2,1;20,2,1;21,2,1;22,2,1;23,2,1;32,2,1;33,2,1;34,2,1;35,2,1;36,2,1;37,2,1;38,2,1;39,2,1;48,2,1;49,2,1;50,2,1;51,2,1;52,2,1;53,2,1;54,2,1;55,2,1;0,3,1;1,3,1;2,3,1;3,3,1;4,3,1;5,3,1;6,3,1;7,3,1;16,3,1;17,3,1;18,3,1;19,3,1;20,3,1;21,3,1;22,3,1;23,3,1;32,3,1;33,3,1;34,3,1;35,3,1;36,3,1;37,3,1;38,3,1;39,3,1;48,3,1;49,3,1;50,3,1;51,3,1;52,3,1;53,3,1;54,3,1;55,3,1
trans_func_3=8,0,0;9,0,0;10,0,0;11,0,0;24,0,0;25,0,0;26,0,0;27,0,0;40,0,0;41,0,0;42,0,0;43,0,0;56,0,0;57,0,0;58,0,0;59,0,0;8,1,0;9,1,0;10,1,0;11,1,0;24,1,0;25,1,0;26,1,0;27,1,0;40,1,0;41,1,0;42,1,0;43,1,0;56,1,0;57,1,0;58,1,0;59,1,0;8,2,0;9,2,0;10,2,0;11,2,0;24,2,0;25,2,0;26,2,0;27,2,0;40,2,0;41,2,0;42,2,0;43,2,0;56,2,0;57,2,0;58,2,0;59,2,0;8,3,0;9,3,0;10,3,0;11,3,0;24,3,0;25,3,0;26,3,0;27,3,0;40,3,0;41,3,0;42,3,0;43,3,0;56,3,0;57,3,0;58,3,0;59,3,0;8,0,1;9,0,1;10,0,1;11,0,1;24,0,1;25,0,1;26,0,1;27,0,1;40,0,1;41,0,1;42,0,1;43,0,1;56,0,1;57,0,1;58,0,1;59,0,1;8,1,1;9,1,1;10,1,1;11,1,1;24,1,1;25,1,1;26,1,1;27,1,1;40,1,1;41,1,1;42,1,1;43,1,1;56,1,1;57,1,1;58,1,1;59,1,1;8,2,1;9,2,1;10,2,1;11,2,1;24,2,1;25,2,1;26,2,1;27,2,1;40,2,1;41,2,1;42,2,1;43,2,1;56,2,1;57,2,1;58,2,1;59,2,1;8,3,1;9,3,1;10,3,1;11,3,1;24,3,1;25,3,1;26,3,1;27,3,1;40,3,1;41,3,1;42,3,1;43,3,1;56,3,1;57,3,1;58,3,1;59,3,1
trans_func_4=0,0,0;1,0,0;2,0,0;3,0,0;4,0,0;5,0,0;6,0,0;7,0,0;8,0,0;9,0,0;10,0,0;11,0,0;12,0,0;13,0,0;14,0,0;15,0,0;16,0,0;17,0,0;18,0,0;19,0,0;20,0,0;21,0,0;22,0,0;23,0,0;24,0,0;25,0,0;26,0,0;27,0,0;28,0,0;29,0,0;30,0,0;31,0,0;0,1,0;1,1,0;2,1,0;3,1,0;4,1,0;5,1,0;6,1,0;7,1,0;8,1,0;9,1,0;10,1,0;11,1,0;12,1,0;13,1,0;14,1,0;15,1,0;16,1,0;17,1,0;18,1,0;19,1,0;20,1,0;21,1,0;22,1,0;23,1,0;24,1,0;25,1,0;26,1,0;27,1,0;28,1,0;29,1,0;30,1,0;31,1,0;0,2,0;1,2,0;2,2,0;3,2,0;4,2,0;5,2,0;6,2,0;7,2,0;8,2,0;9,2,0;10,2,0;11,2,0;12,2,0;13,2,0;14,2,0;15,2,0;16,2,0;17,2,0;18,2,0;19,2,0;20,2,0;21,2,0;22,2,0;23,2,0;24,2,0;25,2,0;26,2,0;27,2,0;28,2,0;29,2,0;30,2,0;31,2,0;0,3,0;1,3,0;2,3,0;3,3,0;4,3,0;5,3,0;6,3,0;7,3,0;8,3,0;9,3,0;10,3,0;11,3,0;12,3,0;13,3,0;14,3,0;15,3,0;16,3,0;17,3,0;18,3,0;19,3,0;20,3,0;21,3,0;22,3,0;23,3,0;24,3,0;25,3,0;26,3,0;27,3,0;28,3,0;29,3,0;30,3,0;31,3,0;0,0,1;1,0,1;2,0,1;3,0,1;4,0,1;5,0,1;6,0,1;7,0,1;8,0,1;9,0,1;10,0,1;11,0,1;12,0,1;13,0,1;14,0,1;15,0,1;16,0,1;17,0,1;18,0,1;19,0,1;20,0,1;21,0,1;22,0,1;23,0,1;24,0,1;25,0,1;26,0,1;27,0,1;28,0,1;29,0,1;30,0,1;31,0,1;0,1,1;1,1,1;2,1,1;3,1,1;4,1,1;5,1,1;6,1,1;7,1,1;8,1,1;9,1,1;10,1,1;11,1,1;12,1,1;13,1,1;14,1,1;15,1,1;16,1,1;17,1,1;18,1,1;19,1,1;20,1,1;21,1,1;22,1,1;23,1,1;24,1,1;25,1,1;26,1,1;27,1,1;28,1,1;29,1,1;30,1,1;31,1,1;0,2,1;1,2,1;2,2,1;3,2,1;4,2,1;5,2,1;6,2,1;7,2,1;8,2,1;9,2,1;10,2,1;11,2,1;12,2,1;13,2,1;14,2,1;15,2,1;16,2,1;17,2,1;18,2,1;19,2,1;20,2,1;21,2,1;22,2,1;23,2,1;24,2,1;25,2,1;26,2,1;27,2,1;28,2,1;29,2,1;30,2,1;31,2,1;0,3,1;1,3,1;2,3,1;3,3,1;4,3,1;5,3,1;6,3,1;7,3,1;8,3,1;9,3,1;10,3,1;11,3,1;12,3,1;13,3,1;14,3,1;15,3,1;16,3,1;17,3,1;18,3,1;19,3,1;20,3,1;21,3,1;22,3,1;23,3,1;24,3,1;25,3,1;26,3,1;27,3,1;28,3,1;29,3,1;30,3,1;31,3,1
trans_func_5=32,0,0;33,0,0;34,0,0;35,0,0;36,0,0;37,0,0;38,0,0;39,0,0;40,0,0;41,0,0;42,0,0;43,0,0;44,0,0;45,0,0;46,0,0;47,0,0;32,1,0;33,1,0;34,1,0;35,1,0;36,1,0;37,1,0;38,1,0;39,1,0;40,1,0;41,1,0;42,1,0;43,1,0;44,1,0;45,1,0;46,1,0;47,1,0;32,2,0;33,2,0;34,2,0;35,2,0;36,2,0;37,2,0;38,2,0;39,2,0;40,2,0;41,2,0;42,2,0;43,2,0;44,2,0;45,2,0;46,2,0;47,2,0;32,3,0;33,3,0;34,3,0;35,3,0;36,3,0;37,3,0;38,3,0;39,3,0;40,3,0;41,3,0;42,3,0;43,3,0;44,3,0;45,3,0;46,3,0;47,3,0;32,0,1;33,0,1;34,0,1;35,0,1;36,0,1;37,0,1;38,0,1;39,0,1;40,0,1;41,0,1;42,0,1;43,0,1;44,0,1;45,0,1;46,0,1;47,0,1;32,1,1;33,1,1;34,1,1;35,1,1;36,1,1;37,1,1;38,1,1;39,1,1;40,1,1;41,1,1;42,1,1;43,1,1;44,1,1;45,1,1;46,1,1;47,1,1;32,2,1;33,2,1;34,2,1;35,2,1;36,2,1;37,2,1;38,2,1;39,2,1;40,2,1;41,2,1;42,2,1;43,2,1;44,2,1;45,2,1;46,2,1;47,2,1;32,3,1;33,3,1;34,3,1;35,3,1;36,3,1;37,3,1;38,3,1;39,3,1;40,3,1;41,3,1;42,3,1;43,3,1;44,3,1;45,3,1;46,3,1;47,3,1
accepting_minterms=101000;000010;100010;010010;110010;001010;101010;011010;111010;000110;100110;010110;110110;001110;101110;011110;111110;101001;101011
initial_minterm=000000
===PYDFA_END===
[01:31:53.271] [debug] [WeakGameSolver] Starting reachability computation...
[01:31:53.271] [debug] [WeakGameSolver] Computing reachability closure (fixpoint) using VectorCompose...
[WeakGameSolver] Starting SCC decomposition...
[01:31:53.271] [debug] [NaiveSCCDecomposer] Building per-bit equivalence: 1 / 6 bits
[01:31:53.271] [debug] [NaiveSCCDecomposer]   BDD node count: 5
[01:31:53.271] [debug] [NaiveSCCDecomposer] Building per-bit equivalence: 2 / 6 bits
[01:31:53.271] [debug] [NaiveSCCDecomposer]   BDD node count: 6
[01:31:53.271] [debug] [NaiveSCCDecomposer] Building per-bit equivalence: 3 / 6 bits
[01:31:53.271] [debug] [NaiveSCCDecomposer]   BDD node count: 3
[01:31:53.271] [debug] [NaiveSCCDecomposer] Building per-bit equivalence: 4 / 6 bits
[01:31:53.271] [debug] [NaiveSCCDecomposer]   BDD node count: 4
[01:31:53.271] [debug] [NaiveSCCDecomposer] Building per-bit equivalence: 5 / 6 bits
[01:31:53.271] [debug] [NaiveSCCDecomposer]   BDD node count: 3
[01:31:53.271] [debug] [NaiveSCCDecomposer] Building per-bit equivalence: 6 / 6 bits
[01:31:53.271] [debug] [NaiveSCCDecomposer]   BDD node count: 4
[01:31:53.271] [debug] [NaiveSCCDecomposer] Merging step 0: sizes 3 + 3
[01:31:53.271] [debug] [NaiveSCCDecomposer]   => A node count: 3
[01:31:53.271] [debug] [NaiveSCCDecomposer]   => B node count: 3
[01:31:53.271] [debug] [NaiveSCCDecomposer]   => merged node count: 9
[01:31:53.271] [debug] [NaiveSCCDecomposer] Merging step 1: sizes 4 + 4
[01:31:53.271] [debug] [NaiveSCCDecomposer]   => A node count: 4
[01:31:53.271] [debug] [NaiveSCCDecomposer]   => B node count: 4
[01:31:53.271] [debug] [NaiveSCCDecomposer]   => merged node count: 14
[01:31:53.271] [debug] [NaiveSCCDecomposer] Merging step 2: sizes 5 + 6
[01:31:53.271] [debug] [NaiveSCCDecomposer]   => A node count: 5
[01:31:53.271] [debug] [NaiveSCCDecomposer]   => B node count: 6
[01:31:53.271] [debug] [NaiveSCCDecomposer]   => merged node count: 7
[01:31:53.271] [debug] [NaiveSCCDecomposer] Merging step 3: sizes 7 + 9
[01:31:53.271] [debug] [NaiveSCCDecomposer]   => A node count: 7
[01:31:53.271] [debug] [NaiveSCCDecomposer]   => B node count: 9
[01:31:53.271] [debug] [NaiveSCCDecomposer]   => merged node count: 37
[01:31:53.271] [debug] [NaiveSCCDecomposer] Merging step 4: sizes 14 + 37
[01:31:53.271] [debug] [NaiveSCCDecomposer]   => A node count: 14
[01:31:53.271] [debug] [NaiveSCCDecomposer]   => B node count: 37
[01:31:53.271] [debug] [NaiveSCCDecomposer]   => merged node count: 103
[01:31:53.271] [debug] [NaiveSCCDecomposer] Built transition relation final node count: 103
[01:31:53.271] [debug] [TransitiveClosure] Iteration 1: 
[01:31:53.271] [debug] [ComposeRelations] swapping primed->temp and unprimed->temp variables
[ComposeRelations] Composition node count: 49
[01:31:53.271] [debug] [TransitiveClosure] Iteration 2: 
[01:31:53.271] [debug] [ComposeRelations] swapping primed->temp and unprimed->temp variables
[ComposeRelations] Composition node count: 49
[PeelLayer] Forall result is ONE (all states satisfy condition)
[WeakGameSolver] SCC decomposition completed in 0 ms (3 layers)
[01:31:53.271] [debug] [WeakGameSolver] Processing layer (37 states) = {3, 7, 11, 12, 13, 14, 15, 19, 23, 27, 28, 29, 30, 31, 35, 39, 43, 44, 45, 46, 47, 48, 49, 50, 51, 52, 53, 54, 55, 56, 57, 58, 59, 60, 61, 62, 63}
[01:31:53.271] [debug] [WeakGameSolver] Good states in current layer (8 states) = {19, 23, 27, 28, 29, 30, 31, 53}
[01:31:53.271] [debug] [WeakGameSolver] Bad states in current layer (29 states) = {3, 7, 11, 12, 13, 14, 15, 35, 39, 43, 44, 45, 46, 47, 48, 49, 50, 51, 52, 54, 55, 56, 57, 58, 59, 60, 61, 62, 63}
[01:31:53.271] [debug] [WeakGameSolver] Processing layer (19 states) = {0, 1, 2, 4, 5, 6, 8, 9, 10, 16, 17, 18, 20, 24, 32, 33, 34, 36, 40}
[01:31:53.271] [debug] [WeakGameSolver] Good states in current layer (6 states) = {5, 16, 17, 18, 20, 24}
[01:31:53.271] [debug] [WeakGameSolver] Bad states in current layer (13 states) = {0, 1, 2, 4, 6, 8, 9, 10, 32, 33, 34, 36, 40}
[01:31:53.271] [debug] [WeakGameSolver] Processing layer (8 states) = {21, 22, 25, 26, 37, 38, 41, 42}
[01:31:53.271] [debug] [WeakGameSolver] Good states in current layer (5 states) = {21, 22, 25, 26, 37}
[01:31:53.271] [debug] [WeakGameSolver] Bad states in current layer (3 states) = {38, 41, 42}
WeakGameSolver completed
Realizability: false
LTLf+ synthesis is UNREALIZABLE
