LTLf+ Formula: A(G(q)). Color: 3. Prefix Quantifier: A
LTLf+ Formula: A(q). Color: 2. Prefix Quantifier: A
LTLf+ Formula: A(G(X(r))). Color: 1. Prefix Quantifier: A
LTLf+ Formula: A(G(!(q))). Color: 0. Prefix Quantifier: A
Using obligation fragment synthesizer
Converted Forall formula to symbolic DFA for color 
Converted Forall formula to symbolic DFA for color 
Converted Forall formula to symbolic DFA for color 
Converted Forall formula to symbolic DFA for color 
AND pruduct computed

[ObligationFragment] DFA created in 0 ms
Solving with WeakGameSolver
Starting WeakGameSolver
[01:31:53.368] [debug] ===== DFA DUMP =====
[01:31:53.368] [debug] [WeakGameSolver] State bits: 8
[01:31:53.368] [debug] [WeakGameSolver] Input vars: 1
[01:31:53.368] [debug] [WeakGameSolver] Output vars: 2
[01:31:53.368] [debug] [WeakGameSolver] Initial state BDD node count: 9
[01:31:53.368] [debug] [WeakGameSolver] Total possible states: 256
[01:31:53.368] [debug] [WeakGameSolver] Accepting states: {5, 16, 17, 18, 19, 20, 21, 22, 23, 24, 25, 26, 27, 28, 29, 30, 31}
[01:31:53.368] [debug] [WeakGameSolver] Input variable count: 1
[01:31:53.368] [debug] [WeakGameSolver] Output variable count: 2
[01:31:53.368] [debug] [WeakGameSolver] (Automaton too large to dump all transitions)
[01:31:53.368] [debug] [WeakGameSolver] ===== END DFA DUMP =====
===PYDFA_BEGIN===
num_state_bits=8
num_inputs=1
num_outputs=2
state_var_indices=11,12,13,14,15,16,17,18
input_labels=r
output_labels=p,q
trans_func_0=0,0,0;1,0,0;4,0,0;5,0,0;8,0,0;9,0,0;12,0,0;13,0,0;16,0,0;17,0,0;20,0,0;21,0,0;24,0,0;25,0,0;28,0,0;29,0,0;32,0,0;33,0,0;36,0,0;37,0,0;40,0,0;41,0,0;44,0,0;45,0,0;48,0,0;49,0,0;52,0,0;53,0,0;56,0,0;57,0,0;60,0,0;61,0,0;64,0,0;65,0,0;68,0,0;69,0,0;72,0,0;73,0,0;76,0,0;77,0,0;80,0,0;81,0,0;84,0,0;85,0,0;88,0,0;89,0,0;92,0,0;93,0,0;96,0,0;97,0,0;100,0,0;101,0,0;104,0,0;105,0,0;108,0,0;109,0,0;112,0,0;113,0,0;116,0,0;117,0,0;120,0,0;121,0,0;124,0,0;125,0,0;128,0,0;129,0,0;132,0,0;133,0,0;136,0,0;137,0,0;140,0,0;141,0,0;144,0,0;145,0,0;148,0,0;149,0,0;152,0,0;153,0,0;156,0,0;157,0,0;160,0,0;161,0,0;164,0,0;165,0,0;168,0,0;169,0,0;172,0,0;173,0,0;176,0,0;177,0,0;180,0,0;181,0,0;184,0,0;185,0,0;188,0,0;189,0,0;192,0,0;193,0,0;196,0,0;197,0,0;200,0,0;201,0,0;204,0,0;205,0,0;208,0,0;209,0,0;212,0,0;213,0,0;216,0,0;217,0,0;220,0,0;221,0,0;224,0,0;225,0,0;228,0,0;229,0,0;232,0,0;233,0,0;236,0,0;237,0,0;240,0,0;241,0,0;244,0,0;245,0,0;248,0,0;249,0,0;252,0,0;253,0,0;0,1,0;1,1,0;4,1,0;5,1,0;8,1,0;9,1,0;12,1,0;13,1,0;16,1,0;17,1,0;20,1,0;21,1,0;24,1,0;25,1,0;28,1,0;29,1,0;32,1,0;33,1,0;36,1,0;37,1,0;40,1,0;41,1,0;44,1,0;45,1,0;48,1,0;49,1,0;52,1,0;53,1,0;56,1,0;57,1,0;60,1,0;61,1,0;64,1,0;65,1,0;68,1,0;69,1,0;72,1,0;73,1,0;76,1,0;77,1,0;80,1,0;81,1,0;84,1,0;85,1,0;88,1,0;89,1,0;92,1,0;93,1,0;96,1,0;97,1,0;100,1,0;101,1,0;104,1,0;105,1,0;108,1,0;109,1,0;112,1,0;113,1,0;116,1,0;117,1,0;120,1,0;121,1,0;124,1,0;125,1,0;128,1,0;129,1,0;132,1,0;133,1,0;136,1,0;137,1,0;140,1,0;141,1,0;144,1,0;145,1,0;148,1,0;149,1,0;152,1,0;153,1,0;156,1,0;157,1,0;160,1,0;161,1,0;164,1,0;165,1,0;168,1,0;169,1,0;172,1,0;173,1,0;176,1,0;177,1,0;180,1,0;181,1,0;184,1,0;185,1,0;188,1,0;189,1,0;192,1,0;193,1,0;196,1,0;197,1,0;200,1,0;201,1,0;204,1,0;205,1,0;208,1,0;209,1,0;212,1,0;213,1,0;216,1,0;217,1,0;220,1,0;221,1,0;224,1,0;225,1,0;228,1,0;229,1,0;232,1,0;233,1,0;236,1,0;237,1,0;240,1,0;241,1,0;244,1,0;245,1,0;248,1,0;249,1,0;252,1,0;253,1,0;0,0,1;1,0,1;4,0,1;5,0,1;8,0,1;9,0,1;12,0,1;13,0,1;16,0,1;17,0,1;20,0,1;21,0,1;24,0,1;25,0,1;28,0,1;29,0,1;32,0,1;33,0,1;36,0,1;37,0,1;40,0,1;41,0,1;44,0,1;45,0,1;48,0,1;49,0,1;52,0,1;53,0,1;56,0,1;57,0,1;60,0,1;61,0,1;64,0,1;65,0,1;68,0,1;69,0,1;72,0,1;73,0,1;76,0,1;77,0,1;80,0,1;81,0,1;84,0,1;85,0,1;88,0,1;89,0,1;92,0,1;93,0,1;96,0,1;97,0,1;100,0,1;101,0,1;104,0,1;105,0,1;108,0,1;109,0,1;112,0,1;113,0,1;116,0,1;117,0,1;120,0,1;121,0,1;124,0,1;125,0,1;128,0,1;129,0,1;132,0,1;133,0,1;136,0,1;137,0,1;140,0,1;141,0,1;144,0,1;145,0,1;148,0,1;149,0,1;152,0,1;153,0,1;156,0,1;157,0,1;160,0,1;161,0,1;164,0,1;165,0,1;168,0,1;169,0,1;172,0,1;173,0,1;176,0,1;177,0,1;180,0,1;181,0,1;184,0,1;185,0,1;188,0,1;189,0,1;192,0,1;193,0,1;196,0,1;197,0,1;200,0,1;201,0,1;204,0,1;205,0,1;208,0,1;209,0,1;212,0,1;213,0,1;216,0,1;217,0,1;220,0,1;221,0,1;224,0,1;225,0,1;228,0,1;229,0,1;232,0,1;233,0,1;236,0,1;237,0,1;240,0,1;241,0,1;244,0,1;245,0,1;248,0,1;249,0,1;252,0,1;253,0,1;0,1,1;1,1,1;4,1,1;5,1,1;8,1,1;9,1,1;12,1,1;13,1,1;16,1,1;17,1,1;20,1,1;21,1,1;24,1,1;25,1,1;28,1,1;29,1,1;32,1,1;33,1,1;36,1,1;37,1,1;40,1,1;41,1,1;44,1,1;45,1,1;48,1,1;49,1,1;52,1,1;53,1,1;56,1,1;57,1,1;60,1,1;61,1,1;64,1,1;65,1,1;68,1,1;69,1,1;72,1,1;73,1,1;76,1,1;77,1,1;80,1,1;81,1,1;84,1,1;85,1,1;88,1,1;89,1,1;92,1,1;93,1,1;96,1,1;97,1,1;100,1,1;101,1,1;104,1,1;105,1,1;108,1,1;109,1,1;112,1,1;113,1,1;116,1,1;117,1,1;120,1,1;121,1,1;124,1,1;125,1,1;128,1,1;129,1,1;132,1,1;133,1,1;136,1,1;137,1,1;140,1,1;141,1,1;144,1,1;145,1,1;148,1,1;149,1,1;152,1,1;153,1,1;156,1,1;157,1,1;160,1,1;161,1,1;164,1,1;165,1,1;168,1,1;169,1,1;172,1,1;173,1,1;176,1,1;177,1,1;180,1,1;181,1,1;184,1,1;185,1,1;188,1,1;189,1,1;192,1,1;193,1,1;196,1,1;197,1,1;200,1,1;201,1,1;204,1,1;205,1,1;208,1,1;209,1,1;212,1,1;213,1,1;216,1,1;217,1,1;220,1,1;221,1,1;224,1,1;225,1,1;228,1,1;229,1,1;232,1,1;233,1,1;236,1,1;237,1,1;240,1,1;241,1,1;244,1,1;245,1,1;248,1,1;249,1,1;252,1,1;253,1,1
trans_func_1=2,0,0;6,0,0;10,0,0;14,0,0;18,0,0;22,0,0;26,0,0;30,0,0;34,0,0;38,0,0;42,0,0;46,0,0;50,0,0;54,0,0;58,0,0;62,0,0;66,0,0;70,0,0;74,0,0;78,0,0;82,0,0;86,0,0;90,0,0;94,0,0;98,0,0;102,0,0;106,0,0;110,0,0;114,0,0;118,0,0;122,0,0;126,0,0;130,0,0;134,0,0;138,0,0;142,0,0;146,0,0;150,0,0;154,0,0;158,0,0;162,0,0;166,0,0;170,0,0;174,0,0;178,0,0;182,0,0;186,0,0;190,0,0;194,0,0;198,0,0;202,0,0;206,0,0;210,0,0;214,0,0;218,0,0;222,0,0;226,0,0;230,0,0;234,0,0;238,0,0;242,0,0;246,0,0;250,0,0;254,0,0;2,1,0;6,1,0;10,1,0;14,1,0;18,1,0;22,1,0;26,1,0;30,1,0;34,1,0;38,1,0;42,1,0;46,1,0;50,1,0;54,1,0;58,1,0;62,1,0;66,1,0;70,1,0;74,1,0;78,1,0;82,1,0;86,1,0;90,1,0;94,1,0;98,1,0;102,1,0;106,1,0;110,1,0;114,1,0;118,1,0;122,1,0;126,1,0;130,1,0;134,1,0;138,1,0;142,1,0;146,1,0;150,1,0;154,1,0;158,1,0;162,1,0;166,1,0;170,1,0;174,1,0;178,1,0;182,1,0;186,1,0;190,1,0;194,1,0;198,1,0;202,1,0;206,1,0;210,1,0;214,1,0;218,1,0;222,1,0;226,1,0;230,1,0;234,1,0;238,1,0;242,1,0;246,1,0;250,1,0;254,1,0;2,0,1;6,0,1;10,0,1;14,0,1;18,0,1;22,0,1;26,0,1;30,0,1;34,0,1;38,0,1;42,0,1;46,0,1;50,0,1;54,0,1;58,0,1;62,0,1;66,0,1;70,0,1;74,0,1;78,0,1;82,0,1;86,0,1;90,0,1;94,0,1;98,0,1;102,0,1;106,0,1;110,0,1;114,0,1;118,0,1;122,0,1;126,0,1;130,0,1;134,0,1;138,0,1;142,0,1;146,0,1;150,0,1;154,0,1;158,0,1;162,0,1;166,0,1;170,0,1;174,0,1;178,0,1;182,0,1;186,0,1;190,0,1;194,0,1;198,0,1;202,0,1;206,0,1;210,0,1;214,0,1;218,0,1;222,0,1;226,0,1;230,0,1;234,0,1;238,0,1;242,0,1;246,0,1;250,0,1;254,0,1;2,1,1;6,1,1;10,1,1;14,1,1;18,1,1;22,1,1;26,1,1;30,1,1;34,1,1;38,1,1;42,1,1;46,1,1;50,1,1;54,1,1;58,1,1;62,1,1;66,1,1;70,1,1;74,1,1;78,1,1;82,1,1;86,1,1;90,1,1;94,1,1;98,1,1;102,1,1;106,1,1;110,1,1;114,1,1;118,1,1;122,1,1;126,1,1;130,1,1;134,1,1;138,1,1;142,1,1;146,1,1;150,1,1;154,1,1;158,1,1;162,1,1;166,1,1;170,1,1;174,1,1;178,1,1;182,1,1;186,1,1;190,1,1;194,1,1;198,1,1;202,1,1;206,1,1;210,1,1;214,1,1;218,1,1;222,1,1;226,1,1;230,1,1;234,1,1;238,1,1;242,1,1;246,1,1;250,1,1;254,1,1;0,0,2;1,0,2;2,0,2;4,0,2;5,0,2;6,0,2;8,0,2;9,0,2;10,0,2;12,0,2;13,0,2;14,0,2;16,0,2;17,0,2;18,0,2;20,0,2;21,0,2;22,0,2;24,0,2;25,0,2;26,0,2;28,0,2;29,0,2;30,0,2;32,0,2;33,0,2;34,0,2;36,0,2;37,0,2;38,0,2;40,0,2;41,0,2;42,0,2;44,0,2;45,0,2;46,0,2;48,0,2;49,0,2;50,0,2;52,0,2;53,0,2;54,0,2;56,0,2;57,0,2;58,0,2;60,0,2;61,0,2;62,0,2;64,0,2;65,0,2;66,0,2;68,0,2;69,0,2;70,0,2;72,0,2;73,0,2;74,0,2;76,0,2;77,0,2;78,0,2;80,0,2;81,0,2;82,0,2;84,0,2;85,0,2;86,0,2;88,0,2;89,0,2;90,0,2;92,0,2;93,0,2;94,0,2;96,0,2;97,0,2;98,0,2;100,0,2;101,0,2;102,0,2;104,0,2;105,0,2;106,0,2;108,0,2;109,0,2;110,0,2;112,0,2;113,0,2;114,0,2;116,0,2;117,0,2;118,0,2;120,0,2;121,0,2;122,0,2;124,0,2;125,0,2;126,0,2;128,0,2;129,0,2;130,0,2;132,0,2;133,0,2;134,0,2;136,0,2;137,0,2;138,0,2;140,0,2;141,0,2;142,0,2;144,0,2;145,0,2;146,0,2;148,0,2;149,0,2;150,0,2;152,0,2;153,0,2;154,0,2;156,0,2;157,0,2;158,0,2;160,0,2;161,0,2;162,0,2;164,0,2;165,0,2;166,0,2;168,0,2;169,0,2;170,0,2;172,0,2;173,0,2;174,0,2;176,0,2;177,0,2;178,0,2;180,0,2;181,0,2;182,0,2;184,0,2;185,0,2;186,0,2;188,0,2;189,0,2;190,0,2;192,0,2;193,0,2;194,0,2;196,0,2;197,0,2;198,0,2;200,0,2;201,0,2;202,0,2;204,0,2;205,0,2;206,0,2;208,0,2;209,0,2;210,0,2;212,0,2;213,0,2;214,0,2;216,0,2;217,0,2;218,0,2;220,0,2;221,0,2;222,0,2;224,0,2;225,0,2;226,0,2;228,0,2;229,0,2;230,0,2;232,0,2;233,0,2;234,0,2;236,0,2;237,0,2;238,0,2;240,0,2;241,0,2;242,0,2;244,0,2;245,0,2;246,0,2;248,0,2;249,0,2;250,0,2;252,0,2;253,0,2;254,0,2;0,1,2;1,1,2;2,1,2;4,1,2;5,1,2;6,1,2;8,1,2;9,1,2;10,1,2;12,1,2;13,1,2;14,1,2;16,1,2;17,1,2;18,1,2;20,1,2;21,1,2;22,1,2;24,1,2;25,1,2;26,1,2;28,1,2;29,1,2;30,1,2;32,1,2;33,1,2;34,1,2;36,1,2;37,1,2;38,1,2;40,1,2;41,1,2;42,1,2;44,1,2;45,1,2;46,1,2;48,1,2;49,1,2;50,1,2;52,1,2;53,1,2;54,1,2;56,1,2;57,1,2;58,1,2;60,1,2;61,1,2;62,1,2;64,1,2;65,1,2;66,1,2;68,1,2;69,1,2;70,1,2;72,1,2;73,1,2;74,1,2;76,1,2;77,1,2;78,1,2;80,1,2;81,1,2;82,1,2;84,1,2;85,1,2;86,1,2;88,1,2;89,1,2;90,1,2;92,1,2;93,1,2;94,1,2;96,1,2;97,1,2;98,1,2;100,1,2;101,1,2;102,1,2;104,1,2;105,1,2;106,1,2;108,1,2;109,1,2;110,1,2;112,1,2;113,1,2;114,1,2;116,1,2;117,1,2;118,1,2;120,1,2;121,1,2;122,1,2;124,1,2;125,1,2;126,1,2;128,1,2;129,1,2;130,1,2;132,1,2;133,1,2;134,1,2;136,1,2;137,1,2;138,1,2;140,1,2;141,1,2;142,1,2;144,1,2;145,1,2;146,1,2;148,1,2;149,1,2;150,1,2;152,1,2;153,1,2;154,1,2;156,1,2;157,1,2;158,1,2;160,1,2;161,1,2;162,1,2;164,1,2;165,1,2;166,1,2;168,1,2;169,1,2;170,1,2;172,1,2;173,1,2;174,1,2;176,1,2;177,1,2;178,1,2;180,1,2;181,1,2;182,1,2;184,1,2;185,1,2;186,1,2;188,1,2;189,1,2;190,1,2;192,1,2;193,1,2;194,1,2;196,1,2;197,1,2;198,1,2;200,1,2;201,1,2;202,1,2;204,1,2;205,1,2;206,1,2;208,1,2;209,1,2;210,1,2;212,1,2;213,1,2;214,1,2;216,1,2;217,1,2;218,1,2;220,1,2;221,1,2;222,1,2;224,1,2;225,1,2;226,1,2;228,1,2;229,1,2;230,1,2;232,1,2;233,1,2;234,1,2;236,1,2;237,1,2;238,1,2;240,1,2;241,1,2;242,1,2;244,1,2;245,1,2;246,1,2;248,1,2;249,1,2;250,1,2;252,1,2;253,1,2;254,1,2;0,0,3;1,0,3;2,0,3;4,0,3;5,0,3;6,0,3;8,0,3;9,0,3;10,0,3;12,0,3;13,0,3;14,0,3;16,0,3;17,0,3;18,0,3;20,0,3;21,0,3;22,0,3;24,0,3;25,0,3;26,0,3;28,0,3;29,0,3;30,0,3;32,0,3;33,0,3;34,0,3;36,0,3;37,0,3;38,0,3;40,0,3;41,0,3;42,0,3;44,0,3;45,0,3;46,0,3;48,0,3;49,0,3;50,0,3;52,0,3;53,0,3;54,0,3;56,0,3;57,0,3;58,0,3;60,0,3;61,0,3;62,0,3;64,0,3;65,0,3;66,0,3;68,0,3;69,0,3;70,0,3;72,0,3;73,0,3;74,0,3;76,0,3;77,0,3;78,0,3;80,0,3;81,0,3;82,0,3;84,0,3;85,0,3;86,0,3;88,0,3;89,0,3;90,0,3;92,0,3;93,0,3;94,0,3;96,0,3;97,0,3;98,0,3;100,0,3;101,0,3;102,0,3;104,0,3;105,0,3;106,0,3;108,0,3;109,0,3;110,0,3;112,0,3;113,0,3;114,0,3;116,0,3;117,0,3;118,0,3;120,0,3;121,0,3;122,0,3;124,0,3;125,0,3;126,0,3;128,0,3;129,0,3;130,0,3;132,0,3;133,0,3;134,0,3;136,0,3;137,0,3;138,0,3;140,0,3;141,0,3;142,0,3;144,0,3;145,0,3;146,0,3;148,0,3;149,0,3;150,0,3;152,0,3;153,0,3;154,0,3;156,0,3;157,0,3;158,0,3;160,0,3;161,0,3;162,0,3;164,0,3;165,0,3;166,0,3;168,0,3;169,0,3;170,0,3;172,0,3;173,0,3;174,0,3;176,0,3;177,0,3;178,0,3;180,0,3;181,0,3;182,0,3;184,0,3;185,0,3;186,0,3;188,0,3;189,0,3;190,0,3;192,0,3;193,0,3;194,0,3;196,0,3;197,0,3;198,0,3;200,0,3;201,0,3;202,0,3;204,0,3;205,0,3;206,0,3;208,0,3;209,0,3;210,0,3;212,0,3;213,0,3;214,0,3;216,0,3;217,0,3;218,0,3;220,0,3;221,0,3;222,0,3;224,0,3;225,0,3;226,0,3;228,0,3;229,0,3;230,0,3;232,0,3;233,0,3;234,0,3;236,0,3;237,0,3;238,0,3;240,0,3;241,0,3;242,0,3;244,0,3;245,0,3;246,0,3;248,0,3;249,0,3;250,0,3;252,0,3;253,0,3;254,0,3;0,1,3;1,1,3;2,1,3;4,1,3;5,1,3;6,1,3;8,1,3;9,1,3;10,1,3;12,1,3;13,1,3;14,1,3;16,1,3;17,1,3;18,1,3;20,1,3;21,1,3;22,1,3;24,1,3;25,1,3;26,1,3;28,1,3;29,1,3;30,1,3;32,1,3;33,1,3;34,1,3;36,1,3;37,1,3;38,1,3;40,1,3;41,1,3;42,1,3;44,1,3;45,1,3;46,1,3;48,1,3;49,1,3;50,1,3;52,1,3;53,1,3;54,1,3;56,1,3;57,1,3;58,1,3;60,1,3;61,1,3;62,1,3;64,1,3;65,1,3;66,1,3;68,1,3;69,1,3;70,1,3;72,1,3;73,1,3;74,1,3;76,1,3;77,1,3;78,1,3;80,1,3;81,1,3;82,1,3;84,1,3;85,1,3;86,1,3;88,1,3;89,1,3;90,1,3;92,1,3;93,1,3;94,1,3;96,1,3;97,1,3;98,1,3;100,1,3;101,1,3;102,1,3;104,1,3;105,1,3;106,1,3;108,1,3;109,1,3;110,1,3;112,1,3;113,1,3;114,1,3;116,1,3;117,1,3;118,1,3;120,1,3;121,1,3;122,1,3;124,1,3;125,1,3;126,1,3;128,1,3;129,1,3;130,1,3;132,1,3;133,1,3;134,1,3;136,1,3;137,1,3;138,1,3;140,1,3;141,1,3;142,1,3;144,1,3;145,1,3;146,1,3;148,1,3;149,1,3;150,1,3;152,1,3;153,1,3;154,1,3;156,1,3;157,1,3;158,1,3;160,1,3;161,1,3;162,1,3;164,1,3;165,1,3;166,1,3;168,1,3;169,1,3;170,1,3;172,1,3;173,1,3;174,1,3;176,1,3;177,1,3;178,1,3;180,1,3;181,1,3;182,1,3;184,1,3;185,1,3;186,1,3;188,1,3;189,1,3;190,1,3;192,1,3;193,1,3;194,1,3;196,1,3;197,1,3;198,1,3;200,1,3;201,1,3;202,1,3;204,1,3;205,1,3;206,1,3;208,1,3;209,1,3;210,1,3;212,1,3;213,1,3;214,1,3;216,1,3;217,1,3;218,1,3;220,1,3;221,1,3;222,1,3;224,1,3;225,1,3;226,1,3;228,1,3;229,1,3;230,1,3;232,1,3;233,1,3;234,1,3;236,1,3;237,1,3;238,1,3;240,1,3;241,1,3;242,1,3;244,1,3;245,1,3;246,1,3;248,1,3;249,1,3;250,1,3;252,1,3;253,1,3;254,1,3
trans_func_2=0,0,0;1,0,0;2,0,0;3,0,0;16,0,0;17,0,0;18,0,0;19,0,0;32,0,0;33,0,0;34,0,0;35,0,0;48,0,0;49,0,0;50,0,0;51,0,0;64,0,0;65,0,0;66,0,0;67,0,0;80,0,0;81,0,0;82,0,0;83,0,0;96,0,0;97,0,0;98,0,0;99,0,0;112,0,0;113,0,0;114,0,0;115,0,0;128,0,0;129,0,0;130,0,0;131,0,0;144,0,0;145,0,0;146,0,0;147,0,0;160,0,0;161,0,0;162,0,0;163,0,0;176,0,0;177,0,0;178,0,0;179,0,0;192,0,0;193,0,0;194,0,0;195,0,0;208,0,0;209,0,0;210,0,0;211,0,0;224,0,0;225,0,0;226,0,0;227,0,0;240,0,0;241,0,0;242,0,0;243,0,0;0,1,0;1,1,0;2,1,0;3,1,0;4,1,0;5,1,0;6,1,0;7,1,0;16,1,0;17,1,0;18,1,0;19,1,0;20,1,0;21,1,0;22,1,0;23,1,0;32,1,0;33,1,0;34,1,0;35,1,0;36,1,0;37,1,0;38,1,0;39,1,0;48,1,0;49,1,0;50,1,0;51,1,0;52,1,0;53,1,0;54,1,0;55,1,0;64,1,0;65,1,0;66,1,0;67,1,0;68,1,0;69,1,0;70,1,0;71,1,0;80,1,0;81,1,0;82,1,0;83,1,0;84,1,0;85,1,0;86,1,0;87,1,0;96,1,0;97,1,0;98,1,0;99,1,0;100,1,0;101,1,0;102,1,0;103,1,0;112,1,0;113,1,0;114,1,0;115,1,0;116,1,0;117,1,0;118,1,0;119,1,0;128,1,0;129,1,0;130,1,0;131,1,0;132,1,0;133,1,0;134,1,0;135,1,0;144,1,0;145,1,0;146,1,0;147,1,0;148,1,0;149,1,0;150,1,0;151,1,0;160,1,0;161,1,0;162,1,0;163,1,0;164,1,0;165,1,0;166,1,0;167,1,0;176,1,0;177,1,0;178,1,0;179,1,0;180,1,0;181,1,0;182,1,0;183,1,0;192,1,0;193,1,0;194,1,0;195,1,0;196,1,0;197,1,0;198,1,0;199,1,0;208,1,0;209,1,0;210,1,0;211,1,0;212,1,0;213,1,0;214,1,0;215,1,0;224,1,0;225,1,0;226,1,0;227,1,0;228,1,0;229,1,0;230,1,0;231,1,0;240,1,0;241,1,0;242,1,0;243,1,0;244,1,0;245,1,0;246,1,0;247,1,0;0,0,1;1,0,1;2,0,1;3,0,1;16,0,1;17,0,1;18,0,1;19,0,1;32,0,1;33,0,1;34,0,1;35,0,1;48,0,1;49,0,1;50,0,1;51,0,1;64,0,1;65,0,1;66,0,1;67,0,1;80,0,1;81,0,1;82,0,1;83,0,1;96,0,1;97,0,1;98,0,1;99,0,1;112,0,1;113,0,1;114,0,1;115,0,1;128,0,1;129,0,1;130,0,1;131,0,1;144,0,1;145,0,1;146,0,1;147,0,1;160,0,1;161,0,1;162,0,1;163,0,1;176,0,1;177,0,1;178,0,1;179,0,1;192,0,1;193,0,1;194,0,1;195,0,1;208,0,1;209,0,1;210,0,1;211,0,1;224,0,1;225,0,1;226,0,1;227,0,1;240,0,1;241,0,1;242,0,1;243,0,1;0,1,1;1,1,1;2,1,1;3,1,1;4,1,1;5,1,1;6,1,1;7,1,1;16,1,1;17,1,1;18,1,1;19,1,1;20,1,1;21,1,1;22,1,1;23,1,1;32,1,1;33,1,1;34,1,1;35,1,1;36,1,1;37,1,1;38,1,1;39,1,1;48,1,1;49,1,1;50,1,1;51,1,1;52,1,1;53,1,1;54,1,1;55,1,1;64,1,1;65,1,1;66,1,1;67,1,1;68,1,1;69,1,1;70,1,1;71,1,1;80,1,1;81,1,1;82,1,1;83,1,1;84,1,1;85,1,1;86,1,1;87,1,1;96,1,1;97,1,1;98,1,1;99,1,1;100,1,1;101,1,1;102,1,1;103,1,1;112,1,1;113,1,1;114,1,1;115,1,1;116,1,1;117,1,1;118,1,1;119,1,1;128,1,1;129,1,1;130,1,1;131,1,1;132,1,1;133,1,1;134,1,1;135,1,1;144,1,1;145,1,1;146,1,1;147,1,1;148,1,1;149,1,1;150,1,1;151,1,1;160,1,1;161,1,1;162,1,1;163,1,1;164,1,1;165,1,1;166,1,1;167,1,1;176,1,1;177,1,1;178,1,1;179,1,1;180,1,1;181,1,1;182,1,1;183,1,1;192,1,1;193,1,1;194,1,1;195,1,1;196,1,1;197,1,1;198,1,1;199,1,1;208,1,1;209,1,1;210,1,1;211,1,1;212,1,1;213,1,1;214,1,1;215,1,1;224,1,1;225,1,1;226,1,1;227,1,1;228,1,1;229,1,1;230,1,1;231,1,1;240,1,1;241,1,1;242,1,1;243,1,1;244,1,1;245,1,1;246,1,1;247,1,1;0,0,2;1,0,2;2,0,2;3,0,2;16,0,2;17,0,2;18,0,2;19,0,2;32,0,2;33,0,2;34,0,2;35,0,2;48,0,2;49,0,2;50,0,2;51,0,2;64,0,2;65,0,2;66,0,2;67,0,2;80,0,2;81,0,2;82,0,2;83,0,2;96,0,2;97,0,2;98,0,2;99,0,2;112,0,2;113,0,2;114,0,2;115,0,2;128,0,2;129,0,2;130,0,2;131,0,2;144,0,2;145,0,2;146,0,2;147,0,2;160,0,2;161,0,2;162,0,2;163,0,2;176,0,2;177,0,2;178,0,2;179,0,2;192,0,2;193,0,2;194,0,2;195,0,2;208,0,2;209,0,2;210,0,2;211,0,2;224,0,2;225,0,2;226,0,2;227,0,2;240,0,2;241,0,2;242,0,2;243,0,2;0,1,2;1,1,2;2,1,2;3,1,2;4,1,2;5,1,2;6,1,2;7,1,2;16,1,2;17,1,2;18,1,2;19,1,2;20,1,2;21,1,2;22,1,2;23,1,2;32,1,2;33,1,2;34,1,2;35,1,2;36,1,2;37,1,2;38,1,2;39,1,2;48,1,2;49,1,2;50,1,2;51,1,2;52,1,2;53,1,2;54,1,2;55,1,2;64,1,2;65,1,2;66,1,2;67,1,2;68,1,2;69,1,2;70,1,2;71,1,2;80,1,2;81,1,2;82,1,2;83,1,2;84,1,2;85,1,2;86,1,2;87,1,2;96,1,2;97,1,2;98,1,2;99,1,2;100,1,2;101,1,2;102,1,2;103,1,2;112,1,2;113,1,2;114,1,2;115,1,2;116,1,2;117,1,2;118,1,2;119,1,2;128,1,2;129,1,2;130,1,2;131,1,2;132,1,2;133,1,2;134,1,2;135,1,2;144,1,2;145,1,2;146,1,2;147,1,2;148,1,2;149,1,2;150,1,2;151,1,2;160,1,2;161,1,2;162,1,2;163,1,2;164,1,2;165,1,2;166,1,2;167,1,2;176,1,2;177,1,2;178,1,2;179,1,2;180,1,2;181,1,2;182,1,2;183,1,2;192,1,2;193,1,2;194,1,2;195,1,2;196,1,2;197,1,2;198,1,2;199,1,2;208,1,2;209,1,2;210,1,2;211,1,2;212,1,2;213,1,2;214,1,2;215,1,2;224,1,2;225,1,2;226,1,2;227,1,2;228,1,2;229,1,2;230,1,2;231,1,2;240,1,2;241,1,2;242,1,2;243,1,2;244,1,2;245,1,2;246,1,2;247,1,2;0,0,3;1,0,3;2,0,3;3,0,3;16,0,3;17,0,3;18,0,3;19,0,3;32,0,3;33,0,3;34,0,3;35,0,3;48,0,3;49,0,3;50,0,3;51,0,3;64,0,3;65,0,3;66,0,3;67,0,3;80,0,3;81,0,3;82,0,3;83,0,3;96,0,3;97,0,3;98,0,3;99,0,3;112,0,3;113,0,3;114,0,3;115,0,3;128,0,3;129,0,3;130,0,3;131,0,3;144,0,3;145,0,3;146,0,3;147,0,3;160,0,3;161,0,3;162,0,3;163,0,3;176,0,3;177,0,3;178,0,3;179,0,3;192,0,3;193,0,3;194,0,3;195,0,3;208,0,3;209,0,3;210,0,3;211,0,3;224,0,3;225,0,3;226,0,3;227,0,3;240,0,3;241,0,3;242,0,3;243,0,3;0,1,3;1,1,3;2,1,3;3,1,3;4,1,3;5,1,3;6,1,3;7,1,3;16,1,3;17,1,3;18,1,3;19,1,3;20,1,3;21,1,3;22,1,3;23,1,3;32,1,3;33,1,3;34,1,3;35,1,3;36,1,3;37,1,3;38,1,3;39,1,3;48,1,3;49,1,3;50,1,3;51,1,3;52,1,3;53,1,3;54,1,3;55,1,3;64,1,3;65,1,3;66,1,3;67,1,3;68,1,3;69,1,3;70,1,3;71,1,3;80,1,3;81,1,3;82,1,3;83,1,3;84,1,3;85,1,3;86,1,3;87,1,3;96,1,3;97,1,3;98,1,3;99,1,3;100,1,3;101,1,3;102,1,3;103,1,3;112,1,3;113,1,3;114,1,3;115,1,3;116,1,3;117,1,3;118,1,3;119,1,3;128,1,3;129,1,3;130,1,3;131,1,3;132,1,3;133,1,3;134,1,3;135,1,3;144,1,3;145,1,3;146,1,3;147,1,3;148,1,3;149,1,3;150,1,3;151,1,3;160,1,3;161,1,3;162,1,3;163,1,3;164,1,3;165,1,3;166,1,3;167,1,3;176,1,3;177,1,3;178,1,3;179,1,3;180,1,3;181,1,3;182,1,3;183,1,3;192,1,3;193,1,3;194,1,3;195,1,3;196,1,3;197,1,3;198,1,3;199,1,3;208,1,3;209,1,3;210,1,3;211,1,3;212,1,3;213,1,3;214,1,3;215,1,3;224,1,3;225,1,3;226,1,3;227,1,3;228,1,3;229,1,3;230,1,3;231,1,3;240,1,3;241,1,3;242,1,3;243,1,3;244,1,3;245,1,3;246,1,3;247,1,3
trans_func_3=4,0,0;5,0,0;6,0,0;7,0,0;8,0,0;9,0,0;10,0,0;11,0,0;20,0,0;21,0,0;22,0,0;23,0,0;24,0,0;25,0,0;26,0,0;27,0,0;36,0,0;37,0,0;38,0,0;39,0,0;40,0,0;41,0,0;42,0,0;43,0,0;52,0,0;53,0,0;54,0,0;55,0,0;56,0,0;57,0,0;58,0,0;59,0,0;68,0,0;69,0,0;70,0,0;71,0,0;72,0,0;73,0,0;74,0,0;75,0,0;84,0,0;85,0,0;86,0,0;87,0,0;88,0,0;89,0,0;90,0,0;91,0,0;100,0,0;101,0,0;102,0,0;103,0,0;104,0,0;105,0,0;106,0,0;107,0,0;116,0,0;117,0,0;118,0,0;119,0,0;120,0,0;121,0,0;122,0,0;123,0,0;132,0,0;133,0,0;134,0,0;135,0,0;136,0,0;137,0,0;138,0,0;139,0,0;148,0,0;149,0,0;150,0,0;151,0,0;152,0,0;153,0,0;154,0,0;155,0,0;164,0,0;165,0,0;166,0,0;167,0,0;168,0,0;169,0,0;170,0,0;171,0,0;180,0,0;181,0,0;182,0,0;183,0,0;184,0,0;185,0,0;186,0,0;187,0,0;196,0,0;197,0,0;198,0,0;199,0,0;200,0,0;201,0,0;202,0,0;203,0,0;212,0,0;213,0,0;214,0,0;215,0,0;216,0,0;217,0,0;218,0,0;219,0,0;228,0,0;229,0,0;230,0,0;231,0,0;232,0,0;233,0,0;234,0,0;235,0,0;244,0,0;245,0,0;246,0,0;247,0,0;248,0,0;249,0,0;250,0,0;251,0,0;8,1,0;9,1,0;10,1,0;11,1,0;24,1,0;25,1,0;26,1,0;27,1,0;40,1,0;41,1,0;42,1,0;43,1,0;56,1,0;57,1,0;58,1,0;59,1,0;72,1,0;73,1,0;74,1,0;75,1,0;88,1,0;89,1,0;90,1,0;91,1,0;104,1,0;105,1,0;106,1,0;107,1,0;120,1,0;121,1,0;122,1,0;123,1,0;136,1,0;137,1,0;138,1,0;139,1,0;152,1,0;153,1,0;154,1,0;155,1,0;168,1,0;169,1,0;170,1,0;171,1,0;184,1,0;185,1,0;186,1,0;187,1,0;200,1,0;201,1,0;202,1,0;203,1,0;216,1,0;217,1,0;218,1,0;219,1,0;232,1,0;233,1,0;234,1,0;235,1,0;248,1,0;249,1,0;250,1,0;251,1,0;4,0,1;5,0,1;6,0,1;7,0,1;8,0,1;9,0,1;10,0,1;11,0,1;20,0,1;21,0,1;22,0,1;23,0,1;24,0,1;25,0,1;26,0,1;27,0,1;36,0,1;37,0,1;38,0,1;39,0,1;40,0,1;41,0,1;42,0,1;43,0,1;52,0,1;53,0,1;54,0,1;55,0,1;56,0,1;57,0,1;58,0,1;59,0,1;68,0,1;69,0,1;70,0,1;71,0,1;72,0,1;73,0,1;74,0,1;75,0,1;84,0,1;85,0,1;86,0,1;87,0,1;88,0,1;89,0,1;90,0,1;91,0,1;100,0,1;101,0,1;102,0,1;103,0,1;104,0,1;105,0,1;106,0,1;107,0,1;116,0,1;117,0,1;118,0,1;119,0,1;120,0,1;121,0,1;122,0,1;123,0,1;132,0,1;133,0,1;134,0,1;135,0,1;136,0,1;137,0,1;138,0,1;139,0,1;148,0,1;149,0,1;150,0,1;151,0,1;152,0,1;153,0,1;154,0,1;155,0,1;164,0,1;165,0,1;166,0,1;167,0,1;168,0,1;169,0,1;170,0,1;171,0,1;180,0,1;181,0,1;182,0,1;183,0,1;184,0,1;185,0,1;186,0,1;187,0,1;196,0,1;197,0,1;198,0,1;199,0,1;200,0,1;201,0,1;202,0,1;203,0,1;212,0,1;213,0,1;214,0,1;215,0,1;216,0,1;217,0,1;218,0,1;219,0,1;228,0,1;229,0,1;230,0,1;231,0,1;232,0,1;233,0,1;234,0,1;235,0,1;244,0,1;245,0,1;246,0,1;247,0,1;248,0,1;249,0,1;250,0,1;251,0,1;8,1,1;9,1,1;10,1,1;11,1,1;24,1,1;25,1,1;26,1,1;27,1,1;40,1,1;41,1,1;42,1,1;43,1,1;56,1,1;57,1,1;58,1,1;59,1,1;72,1,1;73,1,1;74,1,1;75,1,1;88,1,1;89,1,1;90,1,1;91,1,1;104,1,1;105,1,1;106,1,1;107,1,1;120,1,1;121,1,1;122,1,1;123,1,1;136,1,1;137,1,1;138,1,1;139,1,1;152,1,1;153,1,1;154,1,1;155,1,1;168,1,1;169,1,1;170,1,1;171,1,1;184,1,1;185,1,1;186,1,1;187,1,1;200,1,1;201,1,1;202,1,1;203,1,1;216,1,1;217,1,1;218,1,1;219,1,1;232,1,1;233,1,1;234,1,1;235,1,1;248,1,1;249,1,1;250,1,1;251,1,1;4,0,2;5,0,2;6,0,2;7,0,2;8,0,2;9,0,2;10,0,2;11,0,2;20,0,2;21,0,2;22,0,2;23,0,2;24,0,2;25,0,2;26,0,2;27,0,2;36,0,2;37,0,2;38,0,2;39,0,2;40,0,2;41,0,2;42,0,2;43,0,2;52,0,2;53,0,2;54,0,2;55,0,2;56,0,2;57,0,2;58,0,2;59,0,2;68,0,2;69,0,2;70,0,2;71,0,2;72,0,2;73,0,2;74,0,2;75,0,2;84,0,2;85,0,2;86,0,2;87,0,2;88,0,2;89,0,2;90,0,2;91,0,2;100,0,2;101,0,2;102,0,2;103,0,2;104,0,2;105,0,2;106,0,2;107,0,2;116,0,2;117,0,2;118,0,2;119,0,2;120,0,2;121,0,2;122,0,2;123,0,2;132,0,2;133,0,2;134,0,2;135,0,2;136,0,2;137,0,2;138,0,2;139,0,2;148,0,2;149,0,2;150,0,2;151,0,2;152,0,2;153,0,2;154,0,2;155,0,2;164,0,2;165,0,2;166,0,2;167,0,2;168,0,2;169,0,2;170,0,2;171,0,2;180,0,2;181,0,2;182,0,2;183,0,2;184,0,2;185,0,2;186,0,2;187,0,2;196,0,2;197,0,2;198,0,2;199,0,2;200,0,2;201,0,2;202,0,2;203,0,2;212,0,2;213,0,2;214,0,2;215,0,2;216,0,2;217,0,2;218,0,2;219,0,2;228,0,2;229,0,2;230,0,2;231,0,2;232,0,2;233,0,2;234,0,2;235,0,2;244,0,2;245,0,2;246,0,2;247,0,2;248,0,2;249,0,2;250,0,2;251,0,2;8,1,2;9,1,2;10,1,2;11,1,2;24,1,2;25,1,2;26,1,2;27,1,2;40,1,2;41,1,2;42,1,2;43,1,2;56,1,2;57,1,2;58,1,2;59,1,2;72,1,2;73,1,2;74,1,2;75,1,2;88,1,2;89,1,2;90,1,2;91,1,2;104,1,2;105,1,2;106,1,2;107,1,2;120,1,2;121,1,2;122,1,2;123,1,2;136,1,2;137,1,2;138,1,2;139,1,2;152,1,2;153,1,2;154,1,2;155,1,2;168,1,2;169,1,2;170,1,2;171,1,2;184,1,2;185,1,2;186,1,2;187,1,2;200,1,2;201,1,2;202,1,2;203,1,2;216,1,2;217,1,2;218,1,2;219,1,2;232,1,2;233,1,2;234,1,2;235,1,2;248,1,2;249,1,2;250,1,2;251,1,2;4,0,3;5,0,3;6,0,3;7,0,3;8,0,3;9,0,3;10,0,3;11,0,3;20,0,3;21,0,3;22,0,3;23,0,3;24,0,3;25,0,3;26,0,3;27,0,3;36,0,3;37,0,3;38,0,3;39,0,3;40,0,3;41,0,3;42,0,3;43,0,3;52,0,3;53,0,3;54,0,3;55,0,3;56,0,3;57,0,3;58,0,3;59,0,3;68,0,3;69,0,3;70,0,3;71,0,3;72,0,3;73,0,3;74,0,3;75,0,3;84,0,3;85,0,3;86,0,3;87,0,3;88,0,3;89,0,3;90,0,3;91,0,3;100,0,3;101,0,3;102,0,3;103,0,3;104,0,3;105,0,3;106,0,3;107,0,3;116,0,3;117,0,3;118,0,3;119,0,3;120,0,3;121,0,3;122,0,3;123,0,3;132,0,3;133,0,3;134,0,3;135,0,3;136,0,3;137,0,3;138,0,3;139,0,3;148,0,3;149,0,3;150,0,3;151,0,3;152,0,3;153,0,3;154,0,3;155,0,3;164,0,3;165,0,3;166,0,3;167,0,3;168,0,3;169,0,3;170,0,3;171,0,3;180,0,3;181,0,3;182,0,3;183,0,3;184,0,3;185,0,3;186,0,3;187,0,3;196,0,3;197,0,3;198,0,3;199,0,3;200,0,3;201,0,3;202,0,3;203,0,3;212,0,3;213,0,3;214,0,3;215,0,3;216,0,3;217,0,3;218,0,3;219,0,3;228,0,3;229,0,3;230,0,3;231,0,3;232,0,3;233,0,3;234,0,3;235,0,3;244,0,3;245,0,3;246,0,3;247,0,3;248,0,3;249,0,3;250,0,3;251,0,3;8,1,3;9,1,3;10,1,3;11,1,3;24,1,3;25,1,3;26,1,3;27,1,3;40,1,3;41,1,3;42,1,3;43,1,3;56,1,3;57,1,3;58,1,3;59,1,3;72,1,3;73,1,3;74,1,3;75,1,3;88,1,3;89,1,3;90,1,3;91,1,3;104,1,3;105,1,3;106,1,3;107,1,3;120,1,3;121,1,3;122,1,3;123,1,3;136,1,3;137,1,3;138,1,3;139,1,3;152,1,3;153,1,3;154,1,3;155,1,3;168,1,3;169,1,3;170,1,3;171,1,3;184,1,3;185,1,3;186,1,3;187,1,3;200,1,3;201,1,3;202,1,3;203,1,3;216,1,3;217,1,3;218,1,3;219,1,3;232,1,3;233,1,3;234,1,3;235,1,3;248,1,3;249,1,3;250,1,3;251,1,3
trans_func_4=16,0,0;17,0,0;18,0,0;19,0,0;20,0,0;21,0,0;22,0,0;23,0,0;24,0,0;25,0,0;26,0,0;27,0,0;28,0,0;29,0,0;30,0,0;31,0,0;80,0,0;81,0,0;82,0,0;83,0,0;84,0,0;85,0,0;86,0,0;87,0,0;88,0,0;89,0,0;90,0,0;91,0,0;92,0,0;93,0,0;94,0,0;95,0,0;144,0,0;145,0,0;146,0,0;147,0,0;148,0,0;149,0,0;150,0,0;151,0,0;152,0,0;153,0,0;154,0,0;155,0,0;156,0,0;157,0,0;158,0,0;159,0,0;208,0,0;209,0,0;210,0,0;211,0,0;212,0,0;213,0,0;214,0,0;215,0,0;216,0,0;217,0,0;218,0,0;219,0,0;220,0,0;221,0,0;222,0,0;223,0,0;16,1,0;17,1,0;18,1,0;19,1,0;20,1,0;21,1,0;22,1,0;23,1,0;24,1,0;25,1,0;26,1,0;27,1,0;28,1,0;29,1,0;30,1,0;31,1,0;80,1,0;81,1,0;82,1,0;83,1,0;84,1,0;85,1,0;86,1,0;87,1,0;88,1,0;89,1,0;90,1,0;91,1,0;92,1,0;93,1,0;94,1,0;95,1,0;144,1,0;145,1,0;146,1,0;147,1,0;148,1,0;149,1,0;150,1,0;151,1,0;152,1,0;153,1,0;154,1,0;155,1,0;156,1,0;157,1,0;158,1,0;159,1,0;208,1,0;209,1,0;210,1,0;211,1,0;212,1,0;213,1,0;214,1,0;215,1,0;216,1,0;217,1,0;218,1,0;219,1,0;220,1,0;221,1,0;222,1,0;223,1,0;16,0,1;17,0,1;18,0,1;19,0,1;20,0,1;21,0,1;22,0,1;23,0,1;24,0,1;25,0,1;26,0,1;27,0,1;28,0,1;29,0,1;30,0,1;31,0,1;80,0,1;81,0,1;82,0,1;83,0,1;84,0,1;85,0,1;86,0,1;87,0,1;88,0,1;89,0,1;90,0,1;91,0,1;92,0,1;93,0,1;94,0,1;95,0,1;144,0,1;145,0,1;146,0,1;147,0,1;148,0,1;149,0,1;150,0,1;151,0,1;152,0,1;153,0,1;154,0,1;155,0,1;156,0,1;157,0,1;158,0,1;159,0,1;208,0,1;209,0,1;210,0,1;211,0,1;212,0,1;213,0,1;214,0,1;215,0,1;216,0,1;217,0,1;218,0,1;219,0,1;220,0,1;221,0,1;222,0,1;223,0,1;16,1,1;17,1,1;18,1,1;19,1,1;20,1,1;21,1,1;22,1,1;23,1,1;24,1,1;25,1,1;26,1,1;27,1,1;28,1,1;29,1,1;30,1,1;31,1,1;80,1,1;81,1,1;82,1,1;83,1,1;84,1,1;85,1,1;86,1,1;87,1,1;88,1,1;89,1,1;90,1,1;91,1,1;92,1,1;93,1,1;94,1,1;95,1,1;144,1,1;145,1,1;146,1,1;147,1,1;148,1,1;149,1,1;150,1,1;151,1,1;152,1,1;153,1,1;154,1,1;155,1,1;156,1,1;157,1,1;158,1,1;159,1,1;208,1,1;209,1,1;210,1,1;211,1,1;212,1,1;213,1,1;214,1,1;215,1,1;216,1,1;217,1,1;218,1,1;219,1,1;220,1,1;221,1,1;222,1,1;223,1,1;0,0,2;1,0,2;2,0,2;3,0,2;4,0,2;5,0,2;6,0,2;7,0,2;8,0,2;9,0,2;10,0,2;11,0,2;12,0,2;13,0,2;14,0,2;15,0,2;16,0,2;17,0,2;18,0,2;19,0,2;20,0,2;21,0,2;22,0,2;23,0,2;24,0,2;25,0,2;26,0,2;27,0,2;28,0,2;29,0,2;30,0,2;31,0,2;64,0,2;65,0,2;66,0,2;67,0,2;68,0,2;69,0,2;70,0,2;71,0,2;72,0,2;73,0,2;74,0,2;75,0,2;76,0,2;77,0,2;78,0,2;79,0,2;80,0,2;81,0,2;82,0,2;83,0,2;84,0,2;85,0,2;86,0,2;87,0,2;88,0,2;89,0,2;90,0,2;91,0,2;92,0,2;93,0,2;94,0,2;95,0,2;128,0,2;129,0,2;130,0,2;131,0,2;132,0,2;133,0,2;134,0,2;135,0,2;136,0,2;137,0,2;138,0,2;139,0,2;140,0,2;141,0,2;142,0,2;143,0,2;144,0,2;145,0,2;146,0,2;147,0,2;148,0,2;149,0,2;150,0,2;151,0,2;152,0,2;153,0,2;154,0,2;155,0,2;156,0,2;157,0,2;158,0,2;159,0,2;192,0,2;193,0,2;194,0,2;195,0,2;196,0,2;197,0,2;198,0,2;199,0,2;200,0,2;201,0,2;202,0,2;203,0,2;204,0,2;205,0,2;206,0,2;207,0,2;208,0,2;209,0,2;210,0,2;211,0,2;212,0,2;213,0,2;214,0,2;215,0,2;216,0,2;217,0,2;218,0,2;219,0,2;220,0,2;221,0,2;222,0,2;223,0,2;0,1,2;1,1,2;2,1,2;3,1,2;4,1,2;5,1,2;6,1,2;7,1,2;8,1,2;9,1,2;10,1,2;11,1,2;12,1,2;13,1,2;14,1,2;15,1,2;16,1,2;17,1,2;18,1,2;19,1,2;20,1,2;21,1,2;22,1,2;23,1,2;24,1,2;25,1,2;26,1,2;27,1,2;28,1,2;29,1,2;30,1,2;31,1,2;64,1,2;65,1,2;66,1,2;67,1,2;68,1,2;69,1,2;70,1,2;71,1,2;72,1,2;73,1,2;74,1,2;75,1,2;76,1,2;77,1,2;78,1,2;79,1,2;80,1,2;81,1,2;82,1,2;83,1,2;84,1,2;85,1,2;86,1,2;87,1,2;88,1,2;89,1,2;90,1,2;91,1,2;92,1,2;93,1,2;94,1,2;95,1,2;128,1,2;129,1,2;130,1,2;131,1,2;132,1,2;133,1,2;134,1,2;135,1,2;136,1,2;137,1,2;138,1,2;139,1,2;140,1,2;141,1,2;142,1,2;143,1,2;144,1,2;145,1,2;146,1,2;147,1,2;148,1,2;149,1,2;150,1,2;151,1,2;152,1,2;153,1,2;154,1,2;155,1,2;156,1,2;157,1,2;158,1,2;159,1,2;192,1,2;193,1,2;194,1,2;195,1,2;196,1,2;197,1,2;198,1,2;199,1,2;200,1,2;201,1,2;202,1,2;203,1,2;204,1,2;205,1,2;206,1,2;207,1,2;208,1,2;209,1,2;210,1,2;211,1,2;212,1,2;213,1,2;214,1,2;215,1,2;216,1,2;217,1,2;218,1,2;219,1,2;220,1,2;221,1,2;222,1,2;223,1,2;0,0,3;1,0,3;2,0,3;3,0,3;4,0,3;5,0,3;6,0,3;7,0,3;8,0,3;9,0,3;10,0,3;11,0,3;12,0,3;13,0,3;14,0,3;15,0,3;16,0,3;17,0,3;18,0,3;19,0,3;20,0,3;21,0,3;22,0,3;23,0,3;24,0,3;25,0,3;26,0,3;27,0,3;28,0,3;29,0,3;30,0,3;31,0,3;64,0,3;65,0,3;66,0,3;67,0,3;68,0,3;69,0,3;70,0,3;71,0,3;72,0,3;73,0,3;74,0,3;75,0,3;76,0,3;77,0,3;78,0,3;79,0,3;80,0,3;81,0,3;82,0,3;83,0,3;84,0,3;85,0,3;86,0,3;87,0,3;88,0,3;89,0,3;90,0,3;91,0,3;92,0,3;93,0,3;94,0,3;95,0,3;128,0,3;129,0,3;130,0,3;131,0,3;132,0,3;133,0,3;134,0,3;135,0,3;136,0,3;137,0,3;138,0,3;139,0,3;140,0,3;141,0,3;142,0,3;143,0,3;144,0,3;145,0,3;146,0,3;147,0,3;148,0,3;149,0,3;150,0,3;151,0,3;152,0,3;153,0,3;154,0,3;155,0,3;156,0,3;157,0,3;158,0,3;159,0,3;192,0,3;193,0,3;194,0,3;195,0,3;196,0,3;197,0,3;198,0,3;199,0,3;200,0,3;201,0,3;202,0,3;203,0,3;204,0,3;205,0,3;206,0,3;207,0,3;208,0,3;209,0,3;210,0,3;211,0,3;212,0,3;213,0,3;214,0,3;215,0,3;216,0,3;217,0,3;218,0,3;219,0,3;220,0,3;221,0,3;222,0,3;223,0,3;0,1,3;1,1,3;2,1,3;3,1,3;4,1,3;5,1,3;6,1,3;7,1,3;8,1,3;9,1,3;10,1,3;11,1,3;12,1,3;13,1,3;14,1,3;15,1,3;16,1,3;17,1,3;18,1,3;19,1,3;20,1,3;21,1,3;22,1,3;23,1,3;24,1,3;25,1,3;26,1,3;27,1,3;28,1,3;29,1,3;30,1,3;31,1,3;64,1,3;65,1,3;66,1,3;67,1,3;68,1,3;69,1,3;70,1,3;71,1,3;72,1,3;73,1,3;74,1,3;75,1,3;76,1,3;77,1,3;78,1,3;79,1,3;80,1,3;81,1,3;82,1,3;83,1,3;84,1,3;85,1,3;86,1,3;87,1,3;88,1,3;89,1,3;90,1,3;91,1,3;92,1,3;93,1,3;94,1,3;95,1,3;128,1,3;129,1,3;130,1,3;131,1,3;132,1,3;133,1,3;134,1,3;135,1,3;136,1,3;137,1,3;138,1,3;139,1,3;140,1,3;141,1,3;142,1,3;143,1,3;144,1,3;145,1,3;146,1,3;147,1,3;148,1,3;149,1,3;150,1,3;151,1,3;152,1,3;153,1,3;154,1,3;155,1,3;156,1,3;157,1,3;158,1,3;159,1,3;192,1,3;193,1,3;194,1,3;195,1,3;196,1,3;197,1,3;198,1,3;199,1,3;200,1,3;201,1,3;202,1,3;203,1,3;204,1,3;205,1,3;206,1,3;207,1,3;208,1,3;209,1,3;210,1,3;211,1,3;212,1,3;213,1,3;214,1,3;215,1,3;216,1,3;217,1,3;218,1,3;219,1,3;220,1,3;221,1,3;222,1,3;223,1,3
trans_func_5=0,0,0;1,0,0;2,0,0;3,0,0;4,0,0;5,0,0;6,0,0;7,0,0;8,0,0;9,0,0;10,0,0;11,0,0;12,0,0;13,0,0;14,0,0;15,0,0;32,0,0;33,0,0;34,0,0;35,0,0;36,0,0;37,0,0;38,0,0;39,0,0;40,0,0;41,0,0;42,0,0;43,0,0;44,0,0;45,0,0;46,0,0;47,0,0;64,0,0;65,0,0;66,0,0;67,0,0;68,0,0;69,0,0;70,0,0;71,0,0;72,0,0;73,0,0;74,0,0;75,0,0;76,0,0;77,0,0;78,0,0;79,0,0;96,0,0;97,0,0;98,0,0;99,0,0;100,0,0;101,0,0;102,0,0;103,0,0;104,0,0;105,0,0;106,0,0;107,0,0;108,0,0;109,0,0;110,0,0;111,0,0;128,0,0;129,0,0;130,0,0;131,0,0;132,0,0;133,0,0;134,0,0;135,0,0;136,0,0;137,0,0;138,0,0;139,0,0;140,0,0;141,0,0;142,0,0;143,0,0;160,0,0;161,0,0;162,0,0;163,0,0;164,0,0;165,0,0;166,0,0;167,0,0;168,0,0;169,0,0;170,0,0;171,0,0;172,0,0;173,0,0;174,0,0;175,0,0;192,0,0;193,0,0;194,0,0;195,0,0;196,0,0;197,0,0;198,0,0;199,0,0;200,0,0;201,0,0;202,0,0;203,0,0;204,0,0;205,0,0;206,0,0;207,0,0;224,0,0;225,0,0;226,0,0;227,0,0;228,0,0;229,0,0;230,0,0;231,0,0;232,0,0;233,0,0;234,0,0;235,0,0;236,0,0;237,0,0;238,0,0;239,0,0;0,1,0;1,1,0;2,1,0;3,1,0;4,1,0;5,1,0;6,1,0;7,1,0;8,1,0;9,1,0;10,1,0;11,1,0;12,1,0;13,1,0;14,1,0;15,1,0;32,1,0;33,1,0;34,1,0;35,1,0;36,1,0;37,1,0;38,1,0;39,1,0;40,1,0;41,1,0;42,1,0;43,1,0;44,1,0;45,1,0;46,1,0;47,1,0;64,1,0;65,1,0;66,1,0;67,1,0;68,1,0;69,1,0;70,1,0;71,1,0;72,1,0;73,1,0;74,1,0;75,1,0;76,1,0;77,1,0;78,1,0;79,1,0;96,1,0;97,1,0;98,1,0;99,1,0;100,1,0;101,1,0;102,1,0;103,1,0;104,1,0;105,1,0;106,1,0;107,1,0;108,1,0;109,1,0;110,1,0;111,1,0;128,1,0;129,1,0;130,1,0;131,1,0;132,1,0;133,1,0;134,1,0;135,1,0;136,1,0;137,1,0;138,1,0;139,1,0;140,1,0;141,1,0;142,1,0;143,1,0;160,1,0;161,1,0;162,1,0;163,1,0;164,1,0;165,1,0;166,1,0;167,1,0;168,1,0;169,1,0;170,1,0;171,1,0;172,1,0;173,1,0;174,1,0;175,1,0;192,1,0;193,1,0;194,1,0;195,1,0;196,1,0;197,1,0;198,1,0;199,1,0;200,1,0;201,1,0;202,1,0;203,1,0;204,1,0;205,1,0;206,1,0;207,1,0;224,1,0;225,1,0;226,1,0;227,1,0;228,1,0;229,1,0;230,1,0;231,1,0;232,1,0;233,1,0;234,1,0;235,1,0;236,1,0;237,1,0;238,1,0;239,1,0;0,0,1;1,0,1;2,0,1;3,0,1;4,0,1;5,0,1;6,0,1;7,0,1;8,0,1;9,0,1;10,0,1;11,0,1;12,0,1;13,0,1;14,0,1;15,0,1;32,0,1;33,0,1;34,0,1;35,0,1;36,0,1;37,0,1;38,0,1;39,0,1;40,0,1;41,0,1;42,0,1;43,0,1;44,0,1;45,0,1;46,0,1;47,0,1;64,0,1;65,0,1;66,0,1;67,0,1;68,0,1;69,0,1;70,0,1;71,0,1;72,0,1;73,0,1;74,0,1;75,0,1;76,0,1;77,0,1;78,0,1;79,0,1;96,0,1;97,0,1;98,0,1;99,0,1;100,0,1;101,0,1;102,0,1;103,0,1;104,0,1;105,0,1;106,0,1;107,0,1;108,0,1;109,0,1;110,0,1;111,0,1;128,0,1;129,0,1;130,0,1;131,0,1;132,0,1;133,0,1;134,0,1;135,0,1;136,0,1;137,0,1;138,0,1;139,0,1;140,0,1;141,0,1;142,0,1;143,0,1;160,0,1;161,0,1;162,0,1;163,0,1;164,0,1;165,0,1;166,0,1;167,0,1;168,0,1;169,0,1;170,0,1;171,0,1;172,0,1;173,0,1;174,0,1;175,0,1;192,0,1;193,0,1;194,0,1;195,0,1;196,0,1;197,0,1;198,0,1;199,0,1;200,0,1;201,0,1;202,0,1;203,0,1;204,0,1;205,0,1;206,0,1;207,0,1;224,0,1;225,0,1;226,0,1;227,0,1;228,0,1;229,0,1;230,0,1;231,0,1;232,0,1;233,0,1;234,0,1;235,0,1;236,0,1;237,0,1;238,0,1;239,0,1;0,1,1;1,1,1;2,1,1;3,1,1;4,1,1;5,1,1;6,1,1;7,1,1;8,1,1;9,1,1;10,1,1;11,1,1;12,1,1;13,1,1;14,1,1;15,1,1;32,1,1;33,1,1;34,1,1;35,1,1;36,1,1;37,1,1;38,1,1;39,1,1;40,1,1;41,1,1;42,1,1;43,1,1;44,1,1;45,1,1;46,1,1;47,1,1;64,1,1;65,1,1;66,1,1;67,1,1;68,1,1;69,1,1;70,1,1;71,1,1;72,1,1;73,1,1;74,1,1;75,1,1;76,1,1;77,1,1;78,1,1;79,1,1;96,1,1;97,1,1;98,1,1;99,1,1;100,1,1;101,1,1;102,1,1;103,1,1;104,1,1;105,1,1;106,1,1;107,1,1;108,1,1;109,1,1;110,1,1;111,1,1;128,1,1;129,1,1;130,1,1;131,1,1;132,1,1;133,1,1;134,1,1;135,1,1;136,1,1;137,1,1;138,1,1;139,1,1;140,1,1;141,1,1;142,1,1;143,1,1;160,1,1;161,1,1;162,1,1;163,1,1;164,1,1;165,1,1;166,1,1;167,1,1;168,1,1;169,1,1;170,1,1;171,1,1;172,1,1;173,1,1;174,1,1;175,1,1;192,1,1;193,1,1;194,1,1;195,1,1;196,1,1;197,1,1;198,1,1;199,1,1;200,1,1;201,1,1;202,1,1;203,1,1;204,1,1;205,1,1;206,1,1;207,1,1;224,1,1;225,1,1;226,1,1;227,1,1;228,1,1;229,1,1;230,1,1;231,1,1;232,1,1;233,1,1;234,1,1;235,1,1;236,1,1;237,1,1;238,1,1;239,1,1;32,0,2;33,0,2;34,0,2;35,0,2;36,0,2;37,0,2;38,0,2;39,0,2;40,0,2;41,0,2;42,0,2;43,0,2;44,0,2;45,0,2;46,0,2;47,0,2;96,0,2;97,0,2;98,0,2;99,0,2;100,0,2;101,0,2;102,0,2;103,0,2;104,0,2;105,0,2;106,0,2;107,0,2;108,0,2;109,0,2;110,0,2;111,0,2;160,0,2;161,0,2;162,0,2;163,0,2;164,0,2;165,0,2;166,0,2;167,0,2;168,0,2;169,0,2;170,0,2;171,0,2;172,0,2;173,0,2;174,0,2;175,0,2;224,0,2;225,0,2;226,0,2;227,0,2;228,0,2;229,0,2;230,0,2;231,0,2;232,0,2;233,0,2;234,0,2;235,0,2;236,0,2;237,0,2;238,0,2;239,0,2;32,1,2;33,1,2;34,1,2;35,1,2;36,1,2;37,1,2;38,1,2;39,1,2;40,1,2;41,1,2;42,1,2;43,1,2;44,1,2;45,1,2;46,1,2;47,1,2;96,1,2;97,1,2;98,1,2;99,1,2;100,1,2;101,1,2;102,1,2;103,1,2;104,1,2;105,1,2;106,1,2;107,1,2;108,1,2;109,1,2;110,1,2;111,1,2;160,1,2;161,1,2;162,1,2;163,1,2;164,1,2;165,1,2;166,1,2;167,1,2;168,1,2;169,1,2;170,1,2;171,1,2;172,1,2;173,1,2;174,1,2;175,1,2;224,1,2;225,1,2;226,1,2;227,1,2;228,1,2;229,1,2;230,1,2;231,1,2;232,1,2;233,1,2;234,1,2;235,1,2;236,1,2;237,1,2;238,1,2;239,1,2;32,0,3;33,0,3;34,0,3;35,0,3;36,0,3;37,0,3;38,0,3;39,0,3;40,0,3;41,0,3;42,0,3;43,0,3;44,0,3;45,0,3;46,0,3;47,0,3;96,0,3;97,0,3;98,0,3;99,0,3;100,0,3;101,0,3;102,0,3;103,0,3;104,0,3;105,0,3;106,0,3;107,0,3;108,0,3;109,0,3;110,0,3;111,0,3;160,0,3;161,0,3;162,0,3;163,0,3;164,0,3;165,0,3;166,0,3;167,0,3;168,0,3;169,0,3;170,0,3;171,0,3;172,0,3;173,0,3;174,0,3;175,0,3;224,0,3;225,0,3;226,0,3;227,0,3;228,0,3;229,0,3;230,0,3;231,0,3;232,0,3;233,0,3;234,0,3;235,0,3;236,0,3;237,0,3;238,0,3;239,0,3;32,1,3;33,1,3;34,1,3;35,1,3;36,1,3;37,1,3;38,1,3;39,1,3;40,1,3;41,1,3;42,1,3;43,1,3;44,1,3;45,1,3;46,1,3;47,1,3;96,1,3;97,1,3;98,1,3;99,1,3;100,1,3;101,1,3;102,1,3;103,1,3;104,1,3;105,1,3;106,1,3;107,1,3;108,1,3;109,1,3;110,1,3;111,1,3;160,1,3;161,1,3;162,1,3;163,1,3;164,1,3;165,1,3;166,1,3;167,1,3;168,1,3;169,1,3;170,1,3;171,1,3;172,1,3;173,1,3;174,1,3;175,1,3;224,1,3;225,1,3;226,1,3;227,1,3;228,1,3;229,1,3;230,1,3;231,1,3;232,1,3;233,1,3;234,1,3;235,1,3;236,1,3;237,1,3;238,1,3;239,1,3
trans_func_6=0,0,2;1,0,2;2,0,2;3,0,2;4,0,2;5,0,2;6,0,2;7,0,2;8,0,2;9,0,2;10,0,2;11,0,2;12,0,2;13,0,2;14,0,2;15,0,2;16,0,2;17,0,2;18,0,2;19,0,2;20,0,2;21,0,2;22,0,2;23,0,2;24,0,2;25,0,2;26,0,2;27,0,2;28,0,2;29,0,2;30,0,2;31,0,2;32,0,2;33,0,2;34,0,2;35,0,2;36,0,2;37,0,2;38,0,2;39,0,2;40,0,2;41,0,2;42,0,2;43,0,2;44,0,2;45,0,2;46,0,2;47,0,2;48,0,2;49,0,2;50,0,2;51,0,2;52,0,2;53,0,2;54,0,2;55,0,2;56,0,2;57,0,2;58,0,2;59,0,2;60,0,2;61,0,2;62,0,2;63,0,2;64,0,2;65,0,2;66,0,2;67,0,2;68,0,2;69,0,2;70,0,2;71,0,2;72,0,2;73,0,2;74,0,2;75,0,2;76,0,2;77,0,2;78,0,2;79,0,2;80,0,2;81,0,2;82,0,2;83,0,2;84,0,2;85,0,2;86,0,2;87,0,2;88,0,2;89,0,2;90,0,2;91,0,2;92,0,2;93,0,2;94,0,2;95,0,2;96,0,2;97,0,2;98,0,2;99,0,2;100,0,2;101,0,2;102,0,2;103,0,2;104,0,2;105,0,2;106,0,2;107,0,2;108,0,2;109,0,2;110,0,2;111,0,2;112,0,2;113,0,2;114,0,2;115,0,2;116,0,2;117,0,2;118,0,2;119,0,2;120,0,2;121,0,2;122,0,2;123,0,2;124,0,2;125,0,2;126,0,2;127,0,2;0,1,2;1,1,2;2,1,2;3,1,2;4,1,2;5,1,2;6,1,2;7,1,2;8,1,2;9,1,2;10,1,2;11,1,2;12,1,2;13,1,2;14,1,2;15,1,2;16,1,2;17,1,2;18,1,2;19,1,2;20,1,2;21,1,2;22,1,2;23,1,2;24,1,2;25,1,2;26,1,2;27,1,2;28,1,2;29,1,2;30,1,2;31,1,2;32,1,2;33,1,2;34,1,2;35,1,2;36,1,2;37,1,2;38,1,2;39,1,2;40,1,2;41,1,2;42,1,2;43,1,2;44,1,2;45,1,2;46,1,2;47,1,2;48,1,2;49,1,2;50,1,2;51,1,2;52,1,2;53,1,2;54,1,2;55,1,2;56,1,2;57,1,2;58,1,2;59,1,2;60,1,2;61,1,2;62,1,2;63,1,2;64,1,2;65,1,2;66,1,2;67,1,2;68,1,2;69,1,2;70,1,2;71,1,2;72,1,2;73,1,2;74,1,2;75,1,2;76,1,2;77,1,2;78,1,2;79,1,2;80,1,2;81,1,2;82,1,2;83,1,2;84,1,2;85,1,2;86,1,2;87,1,2;88,1,2;89,1,2;90,1,2;91,1,2;92,1,2;93,1,2;94,1,2;95,1,2;96,1,2;97,1,2;98,1,2;99,1,2;100,1,2;101,1,2;102,1,2;103,1,2;104,1,2;105,1,2;106,1,2;107,1,2;108,1,2;109,1,2;110,1,2;111,1,2;112,1,2;113,1,2;114,1,2;115,1,2;116,1,2;117,1,2;118,1,2;119,1,2;120,1,2;121,1,2;122,1,2;123,1,2;124,1,2;125,1,2;126,1,2;127,1,2;0,0,3;1,0,3;2,0,3;3,0,3;4,0,3;5,0,3;6,0,3;7,0,3;8,0,3;9,0,3;10,0,3;11,0,3;12,0,3;13,0,3;14,0,3;15,0,3;16,0,3;17,0,3;18,0,3;19,0,3;20,0,3;21,0,3;22,0,3;23,0,3;24,0,3;25,0,3;26,0,3;27,0,3;28,0,3;29,0,3;30,0,3;31,0,3;32,0,3;33,0,3;34,0,3;35,0,3;36,0,3;37,0,3;38,0,3;39,0,3;40,0,3;41,0,3;42,0,3;43,0,3;44,0,3;45,0,3;46,0,3;47,0,3;48,0,3;49,0,3;50,0,3;51,0,3;52,0,3;53,0,3;54,0,3;55,0,3;56,0,3;57,0,3;58,0,3;59,0,3;60,0,3;61,0,3;62,0,3;63,0,3;64,0,3;65,0,3;66,0,3;67,0,3;68,0,3;69,0,3;70,0,3;71,0,3;72,0,3;73,0,3;74,0,3;75,0,3;76,0,3;77,0,3;78,0,3;79,0,3;80,0,3;81,0,3;82,0,3;83,0,3;84,0,3;85,0,3;86,0,3;87,0,3;88,0,3;89,0,3;90,0,3;91,0,3;92,0,3;93,0,3;94,0,3;95,0,3;96,0,3;97,0,3;98,0,3;99,0,3;100,0,3;101,0,3;102,0,3;103,0,3;104,0,3;105,0,3;106,0,3;107,0,3;108,0,3;109,0,3;110,0,3;111,0,3;112,0,3;113,0,3;114,0,3;115,0,3;116,0,3;117,0,3;118,0,3;119,0,3;120,0,3;121,0,3;122,0,3;123,0,3;124,0,3;125,0,3;126,0,3;127,0,3;0,1,3;1,1,3;2,1,3;3,1,3;4,1,3;5,1,3;6,1,3;7,1,3;8,1,3;9,1,3;10,1,3;11,1,3;12,1,3;13,1,3;14,1,3;15,1,3;16,1,3;17,1,3;18,1,3;19,1,3;20,1,3;21,1,3;22,1,3;23,1,3;24,1,3;25,1,3;26,1,3;27,1,3;28,1,3;29,1,3;30,1,3;31,1,3;32,1,3;33,1,3;34,1,3;35,1,3;36,1,3;37,1,3;38,1,3;39,1,3;40,1,3;41,1,3;42,1,3;43,1,3;44,1,3;45,1,3;46,1,3;47,1,3;48,1,3;49,1,3;50,1,3;51,1,3;52,1,3;53,1,3;54,1,3;55,1,3;56,1,3;57,1,3;58,1,3;59,1,3;60,1,3;61,1,3;62,1,3;63,1,3;64,1,3;65,1,3;66,1,3;67,1,3;68,1,3;69,1,3;70,1,3;71,1,3;72,1,3;73,1,3;74,1,3;75,1,3;76,1,3;77,1,3;78,1,3;79,1,3;80,1,3;81,1,3;82,1,3;83,1,3;84,1,3;85,1,3;86,1,3;87,1,3;88,1,3;89,1,3;90,1,3;91,1,3;92,1,3;93,1,3;94,1,3;95,1,3;96,1,3;97,1,3;98,1,3;99,1,3;100,1,3;101,1,3;102,1,3;103,1,3;104,1,3;105,1,3;106,1,3;107,1,3;108,1,3;109,1,3;110,1,3;111,1,3;112,1,3;113,1,3;114,1,3;115,1,3;116,1,3;117,1,3;118,1,3;119,1,3;120,1,3;121,1,3;122,1,3;123,1,3;124,1,3;125,1,3;126,1,3;127,1,3
trans_func_7=0,0,0;1,0,0;2,0,0;3,0,0;4,0,0;5,0,0;6,0,0;7,0,0;8,0,0;9,0,0;10,0,0;11,0,0;12,0,0;13,0,0;14,0,0;15,0,0;16,0,0;17,0,0;18,0,0;19,0,0;20,0,0;21,0,0;22,0,0;23,0,0;24,0,0;25,0,0;26,0,0;27,0,0;28,0,0;29,0,0;30,0,0;31,0,0;32,0,0;33,0,0;34,0,0;35,0,0;36,0,0;37,0,0;38,0,0;39,0,0;40,0,0;41,0,0;42,0,0;43,0,0;44,0,0;45,0,0;46,0,0;47,0,0;48,0,0;49,0,0;50,0,0;51,0,0;52,0,0;53,0,0;54,0,0;55,0,0;56,0,0;57,0,0;58,0,0;59,0,0;60,0,0;61,0,0;62,0,0;63,0,0;64,0,0;65,0,0;66,0,0;67,0,0;68,0,0;69,0,0;70,0,0;71,0,0;72,0,0;73,0,0;74,0,0;75,0,0;76,0,0;77,0,0;78,0,0;79,0,0;80,0,0;81,0,0;82,0,0;83,0,0;84,0,0;85,0,0;86,0,0;87,0,0;88,0,0;89,0,0;90,0,0;91,0,0;92,0,0;93,0,0;94,0,0;95,0,0;96,0,0;97,0,0;98,0,0;99,0,0;100,0,0;101,0,0;102,0,0;103,0,0;104,0,0;105,0,0;106,0,0;107,0,0;108,0,0;109,0,0;110,0,0;111,0,0;112,0,0;113,0,0;114,0,0;115,0,0;116,0,0;117,0,0;118,0,0;119,0,0;120,0,0;121,0,0;122,0,0;123,0,0;124,0,0;125,0,0;126,0,0;127,0,0;128,0,0;129,0,0;130,0,0;131,0,0;132,0,0;133,0,0;134,0,0;135,0,0;136,0,0;137,0,0;138,0,0;139,0,0;140,0,0;141,0,0;142,0,0;143,0,0;144,0,0;145,0,0;146,0,0;147,0,0;148,0,0;149,0,0;150,0,0;151,0,0;152,0,0;153,0,0;154,0,0;155,0,0;156,0,0;157,0,0;158,0,0;159,0,0;160,0,0;161,0,0;162,0,0;163,0,0;164,0,0;165,0,0;166,0,0;167,0,0;168,0,0;169,0,0;170,0,0;171,0,0;172,0,0;173,0,0;174,0,0;175,0,0;176,0,0;177,0,0;178,0,0;179,0,0;180,0,0;181,0,0;182,0,0;183,0,0;184,0,0;185,0,0;186,0,0;187,0,0;188,0,0;189,0,0;190,0,0;191,0,0;0,1,0;1,1,0;2,1,0;3,1,0;4,1,0;5,1,0;6,1,0;7,1,0;8,1,0;9,1,0;10,1,0;11,1,0;12,1,0;13,1,0;14,1,0;15,1,0;16,1,0;17,1,0;18,1,0;19,1,0;20,1,0;21,1,0;22,1,0;23,1,0;24,1,0;25,1,0;26,1,0;27,1,0;28,1,0;29,1,0;30,1,0;31,1,0;32,1,0;33,1,0;34,1,0;35,1,0;36,1,0;37,1,0;38,1,0;39,1,0;40,1,0;41,1,0;42,1,0;43,1,0;44,1,0;45,1,0;46,1,0;47,1,0;48,1,0;49,1,0;50,1,0;51,1,0;52,1,0;53,1,0;54,1,0;55,1,0;56,1,0;57,1,0;58,1,0;59,1,0;60,1,0;61,1,0;62,1,0;63,1,0;64,1,0;65,1,0;66,1,0;67,1,0;68,1,0;69,1,0;70,1,0;71,1,0;72,1,0;73,1,0;74,1,0;75,1,0;76,1,0;77,1,0;78,1,0;79,1,0;80,1,0;81,1,0;82,1,0;83,1,0;84,1,0;85,1,0;86,1,0;87,1,0;88,1,0;89,1,0;90,1,0;91,1,0;92,1,0;93,1,0;94,1,0;95,1,0;96,1,0;97,1,0;98,1,0;99,1,0;100,1,0;101,1,0;102,1,0;103,1,0;104,1,0;105,1,0;106,1,0;107,1,0;108,1,0;109,1,0;110,1,0;111,1,0;112,1,0;113,1,0;114,1,0;115,1,0;116,1,0;117,1,0;118,1,0;119,1,0;120,1,0;121,1,0;122,1,0;123,1,0;124,1,0;125,1,0;126,1,0;127,1,0;128,1,0;129,1,0;130,1,0;131,1,0;132,1,0;133,1,0;134,1,0;135,1,0;136,1,0;137,1,0;138,1,0;139,1,0;140,1,0;141,1,0;142,1,0;143,1,0;144,1,0;145,1,0;146,1,0;147,1,0;148,1,0;149,1,0;150,1,0;151,1,0;152,1,0;153,1,0;154,1,0;155,1,0;156,1,0;157,1,0;158,1,0;159,1,0;160,1,0;161,1,0;162,1,0;163,1,0;164,1,0;165,1,0;166,1,0;167,1,0;168,1,0;169,1,0;170,1,0;171,1,0;172,1,0;173,1,0;174,1,0;175,1,0;176,1,0;177,1,0;178,1,0;179,1,0;180,1,0;181,1,0;182,1,0;183,1,0;184,1,0;185,1,0;186,1,0;187,1,0;188,1,0;189,1,0;190,1,0;191,1,0;0,0,1;1,0,1;2,0,1;3,0,1;4,0,1;5,0,1;6,0,1;7,0,1;8,0,1;9,0,1;10,0,1;11,0,1;12,0,1;13,0,1;14,0,1;15,0,1;16,0,1;17,0,1;18,0,1;19,0,1;20,0,1;21,0,1;22,0,1;23,0,1;24,0,1;25,0,1;26,0,1;27,0,1;28,0,1;29,0,1;30,0,1;31,0,1;32,0,1;33,0,1;34,0,1;35,0,1;36,0,1;37,0,1;38,0,1;39,0,1;40,0,1;41,0,1;42,0,1;43,0,1;44,0,1;45,0,1;46,0,1;47,0,1;48,0,1;49,0,1;50,0,1;51,0,1;52,0,1;53,0,1;54,0,1;55,0,1;56,0,1;57,0,1;58,0,1;59,0,1;60,0,1;61,0,1;62,0,1;63,0,1;64,0,1;65,0,1;66,0,1;67,0,1;68,0,1;69,0,1;70,0,1;71,0,1;72,0,1;73,0,1;74,0,1;75,0,1;76,0,1;77,0,1;78,0,1;79,0,1;80,0,1;81,0,1;82,0,1;83,0,1;84,0,1;85,0,1;86,0,1;87,0,1;88,0,1;89,0,1;90,0,1;91,0,1;92,0,1;93,0,1;94,0,1;95,0,1;96,0,1;97,0,1;98,0,1;99,0,1;100,0,1;101,0,1;102,0,1;103,0,1;104,0,1;105,0,1;106,0,1;107,0,1;108,0,1;109,0,1;110,0,1;111,0,1;112,0,1;113,0,1;114,0,1;115,0,1;116,0,1;117,0,1;118,0,1;119,0,1;120,0,1;121,0,1;122,0,1;123,0,1;124,0,1;125,0,1;126,0,1;127,0,1;128,0,1;129,0,1;130,0,1;131,0,1;132,0,1;133,0,1;134,0,1;135,0,1;136,0,1;137,0,1;138,0,1;139,0,1;140,0,1;141,0,1;142,0,1;143,0,1;144,0,1;145,0,1;146,0,1;147,0,1;148,0,1;149,0,1;150,0,1;151,0,1;152,0,1;153,0,1;154,0,1;155,0,1;156,0,1;157,0,1;158,0,1;159,0,1;160,0,1;161,0,1;162,0,1;163,0,1;164,0,1;165,0,1;166,0,1;167,0,1;168,0,1;169,0,1;170,0,1;171,0,1;172,0,1;173,0,1;174,0,1;175,0,1;176,0,1;177,0,1;178,0,1;179,0,1;180,0,1;181,0,1;182,0,1;183,0,1;184,0,1;185,0,1;186,0,1;187,0,1;188,0,1;189,0,1;190,0,1;191,0,1;0,1,1;1,1,1;2,1,1;3,1,1;4,1,1;5,1,1;6,1,1;7,1,1;8,1,1;9,1,1;10,1,1;11,1,1;12,1,1;13,1,1;14,1,1;15,1,1;16,1,1;17,1,1;18,1,1;19,1,1;20,1,1;21,1,1;22,1,1;23,1,1;24,1,1;25,1,1;26,1,1;27,1,1;28,1,1;29,1,1;30,1,1;31,1,1;32,1,1;33,1,1;34,1,1;35,1,1;36,1,1;37,1,1;38,1,1;39,1,1;40,1,1;41,1,1;42,1,1;43,1,1;44,1,1;45,1,1;46,1,1;47,1,1;48,1,1;49,1,1;50,1,1;51,1,1;52,1,1;53,1,1;54,1,1;55,1,1;56,1,1;57,1,1;58,1,1;59,1,1;60,1,1;61,1,1;62,1,1;63,1,1;64,1,1;65,1,1;66,1,1;67,1,1;68,1,1;69,1,1;70,1,1;71,1,1;72,1,1;73,1,1;74,1,1;75,1,1;76,1,1;77,1,1;78,1,1;79,1,1;80,1,1;81,1,1;82,1,1;83,1,1;84,1,1;85,1,1;86,1,1;87,1,1;88,1,1;89,1,1;90,1,1;91,1,1;92,1,1;93,1,1;94,1,1;95,1,1;96,1,1;97,1,1;98,1,1;99,1,1;100,1,1;101,1,1;102,1,1;103,1,1;104,1,1;105,1,1;106,1,1;107,1,1;108,1,1;109,1,1;110,1,1;111,1,1;112,1,1;113,1,1;114,1,1;115,1,1;116,1,1;117,1,1;118,1,1;119,1,1;120,1,1;121,1,1;122,1,1;123,1,1;124,1,1;125,1,1;126,1,1;127,1,1;128,1,1;129,1,1;130,1,1;131,1,1;132,1,1;133,1,1;134,1,1;135,1,1;136,1,1;137,1,1;138,1,1;139,1,1;140,1,1;141,1,1;142,1,1;143,1,1;144,1,1;145,1,1;146,1,1;147,1,1;148,1,1;149,1,1;150,1,1;151,1,1;152,1,1;153,1,1;154,1,1;155,1,1;156,1,1;157,1,1;158,1,1;159,1,1;160,1,1;161,1,1;162,1,1;163,1,1;164,1,1;165,1,1;166,1,1;167,1,1;168,1,1;169,1,1;170,1,1;171,1,1;172,1,1;173,1,1;174,1,1;175,1,1;176,1,1;177,1,1;178,1,1;179,1,1;180,1,1;181,1,1;182,1,1;183,1,1;184,1,1;185,1,1;186,1,1;187,1,1;188,1,1;189,1,1;190,1,1;191,1,1;128,0,2;129,0,2;130,0,2;131,0,2;132,0,2;133,0,2;134,0,2;135,0,2;136,0,2;137,0,2;138,0,2;139,0,2;140,0,2;141,0,2;142,0,2;143,0,2;144,0,2;145,0,2;146,0,2;147,0,2;148,0,2;149,0,2;150,0,2;151,0,2;152,0,2;153,0,2;154,0,2;155,0,2;156,0,2;157,0,2;158,0,2;159,0,2;160,0,2;161,0,2;162,0,2;163,0,2;164,0,2;165,0,2;166,0,2;167,0,2;168,0,2;169,0,2;170,0,2;171,0,2;172,0,2;173,0,2;174,0,2;175,0,2;176,0,2;177,0,2;178,0,2;179,0,2;180,0,2;181,0,2;182,0,2;183,0,2;184,0,2;185,0,2;186,0,2;187,0,2;188,0,2;189,0,2;190,0,2;191,0,2;128,1,2;129,1,2;130,1,2;131,1,2;132,1,2;133,1,2;134,1,2;135,1,2;136,1,2;137,1,2;138,1,2;139,1,2;140,1,2;141,1,2;142,1,2;143,1,2;144,1,2;145,1,2;146,1,2;147,1,2;148,1,2;149,1,2;150,1,2;151,1,2;152,1,2;153,1,2;154,1,2;155,1,2;156,1,2;157,1,2;158,1,2;159,1,2;160,1,2;161,1,2;162,1,2;163,1,2;164,1,2;165,1,2;166,1,2;167,1,2;168,1,2;169,1,2;170,1,2;171,1,2;172,1,2;173,1,2;174,1,2;175,1,2;176,1,2;177,1,2;178,1,2;179,1,2;180,1,2;181,1,2;182,1,2;183,1,2;184,1,2;185,1,2;186,1,2;187,1,2;188,1,2;189,1,2;190,1,2;191,1,2;128,0,3;129,0,3;130,0,3;131,0,3;132,0,3;133,0,3;134,0,3;135,0,3;136,0,3;137,0,3;138,0,3;139,0,3;140,0,3;141,0,3;142,0,3;143,0,3;144,0,3;145,0,3;146,0,3;147,0,3;148,0,3;149,0,3;150,0,3;151,0,3;152,0,3;153,0,3;154,0,3;155,0,3;156,0,3;157,0,3;158,0,3;159,0,3;160,0,3;161,0,3;162,0,3;163,0,3;164,0,3;165,0,3;166,0,3;167,0,3;168,0,3;169,0,3;170,0,3;171,0,3;172,0,3;173,0,3;174,0,3;175,0,3;176,0,3;177,0,3;178,0,3;179,0,3;180,0,3;181,0,3;182,0,3;183,0,3;184,0,3;185,0,3;186,0,3;187,0,3;188,0,3;189,0,3;190,0,3;191,0,3;128,1,3;129,1,3;130,1,3;131,1,3;132,1,3;133,1,3;134,1,3;135,1,3;136,1,3;137,1,3;138,1,3;139,1,3;140,1,3;141,1,3;142,1,3;143,1,3;144,1,3;145,1,3;146,1,3;147,1,3;148,1,3;149,1,3;150,1,3;151,1,3;152,1,3;153,1,3;154,1,3;155,1,3;156,1,3;157,1,3;158,1,3;159,1,3;160,1,3;161,1,3;162,1,3;163,1,3;164,1,3;165,1,3;166,1,3;167,1,3;168,1,3;169,1,3;170,1,3;171,1,3;172,1,3;173,1,3;174,1,3;175,1,3;176,1,3;177,1,3;178,1,3;179,1,3;180,1,3;181,1,3;182,1,3;183,1,3;184,1,3;185,1,3;186,1,3;187,1,3;188,1,3;189,1,3;190,1,3;191,1,3
accepting_minterms=10100000;00001000;10001000;01001000;11001000;00101000;10101000;01101000;11101000;00011000;10011000;01011000;11011000;00111000;10111000;01111000;11111000;10100100;10101100;00000010;10000010;01000010;11000010;00100010;10100010;01100010;11100010;00010010;10010010;01010010;11010010;00110010;10110010;01110010;11110010;00001010;10001010;01001010;11001010;00101010;10101010;01101010;11101010;00011010;10011010;01011010;11011010;00111010;10111010;01111010;11111010;00000110;10000110;01000110;11000110;00100110;10100110;01100110;11100110;00010110;10010110;01010110;11010110;00110110;10110110;01110110;11110110;00001110;10001110;01001110;11001110;00101110;10101110;01101110;11101110;00011110;10011110;01011110;11011110;00111110;10111110;01111110;11111110;10100001;00001001;10001001;01001001;11001001;00101001;10101001;01101001;11101001;00011001;10011001;01011001;11011001;00111001;10111001;01111001;11111001;10100101;10101101;10100011;00001011;10001011;01001011;11001011;00101011;10101011;01101011;11101011;00011011;10011011;01011011;11011011;00111011;10111011;01111011;11111011;10100111;10101111
initial_minterm=00000000
===PYDFA_END===
[01:31:53.377] [debug] [WeakGameSolver] Starting reachability computation...
[01:31:53.377] [debug] [WeakGameSolver] Computing reachability closure (fixpoint) using VectorCompose...
[WeakGameSolver] Starting SCC decomposition...
[01:31:53.377] [debug] [NaiveSCCDecomposer] Building per-bit equivalence: 1 / 8 bits
[01:31:53.377] [debug] [NaiveSCCDecomposer]   BDD node count: 4
[01:31:53.377] [debug] [NaiveSCCDecomposer] Building per-bit equivalence: 2 / 8 bits
[01:31:53.377] [debug] [NaiveSCCDecomposer]   BDD node count: 5
[01:31:53.377] [debug] [NaiveSCCDecomposer] Building per-bit equivalence: 3 / 8 bits
[01:31:53.377] [debug] [NaiveSCCDecomposer]   BDD node count: 5
[01:31:53.377] [debug] [NaiveSCCDecomposer] Building per-bit equivalence: 4 / 8 bits
[01:31:53.377] [debug] [NaiveSCCDecomposer]   BDD node count: 6
[01:31:53.377] [debug] [NaiveSCCDecomposer] Building per-bit equivalence: 5 / 8 bits
[01:31:53.377] [debug] [NaiveSCCDecomposer]   BDD node count: 5
[01:31:53.377] [debug] [NaiveSCCDecomposer] Building per-bit equivalence: 6 / 8 bits
[01:31:53.377] [debug] [NaiveSCCDecomposer]   BDD node count: 6
[01:31:53.377] [debug] [NaiveSCCDecomposer] Building per-bit equivalence: 7 / 8 bits
[01:31:53.377] [debug] [NaiveSCCDecomposer]   BDD node count: 4
[01:31:53.377] [debug] [NaiveSCCDecomposer] Building per-bit equivalence: 8 / 8 bits
[01:31:53.377] [debug] [NaiveSCCDecomposer]   BDD node count: 5
[01:31:53.377] [debug] [NaiveSCCDecomposer] Merging step 0: sizes 4 + 4
[01:31:53.377] [debug] [NaiveSCCDecomposer]   => A node count: 4
[01:31:53.377] [debug] [NaiveSCCDecomposer]   => B node count: 4
[01:31:53.377] [debug] [NaiveSCCDecomposer]   => merged node count: 7
[01:31:53.377] [debug] [NaiveSCCDecomposer] Merging step 1: sizes 5 + 5
[01:31:53.377] [debug] [NaiveSCCDecomposer]   => A node count: 5
[01:31:53.377] [debug] [NaiveSCCDecomposer]   => B node count: 5
[01:31:53.377] [debug] [NaiveSCCDecomposer]   => merged node count: 13
[01:31:53.377] [debug] [NaiveSCCDecomposer] Merging step 2: sizes 5 + 5
[01:31:53.377] [debug] [NaiveSCCDecomposer]   => A node count: 5
[01:31:53.377] [debug] [NaiveSCCDecomposer]   => B node count: 5
[01:31:53.377] [debug] [NaiveSCCDecomposer]   => merged node count: 15
[01:31:53.377] [debug] [NaiveSCCDecomposer] Merging step 3: sizes 6 + 6
[01:31:53.377] [debug] [NaiveSCCDecomposer]   => A node count: 6
[01:31:53.377] [debug] [NaiveSCCDecomposer]   => B node count: 6
[01:31:53.377] [debug] [NaiveSCCDecomposer]   => merged node count: 13
[01:31:53.377] [debug] [NaiveSCCDecomposer] Merging step 4: sizes 7 + 13
[01:31:53.377] [debug] [NaiveSCCDecomposer]   => A node count: 7
[01:31:53.377] [debug] [NaiveSCCDecomposer]   => B node count: 13
[01:31:53.377] [debug] [NaiveSCCDecomposer]   => merged node count: 43
[01:31:53.377] [debug] [NaiveSCCDecomposer] Merging step 5: sizes 13 + 15
[01:31:53.377] [debug] [NaiveSCCDecomposer]   => A node count: 13
[01:31:53.377] [debug] [NaiveSCCDecomposer]   => B node count: 15
[01:31:53.377] [debug] [NaiveSCCDecomposer]   => merged node count: 67
[01:31:53.377] [debug] [NaiveSCCDecomposer] Merging step 6: sizes 43 + 67
[01:31:53.377] [debug] [NaiveSCCDecomposer]   => A node count: 43
[01:31:53.377] [debug] [NaiveSCCDecomposer]   => B node count: 67
[01:31:53.377] [debug] [NaiveSCCDecomposer]   => merged node count: 678
[01:31:53.377] [debug] [NaiveSCCDecomposer] Built transition relation final node count: 678
[01:31:53.377] [debug] [TransitiveClosure] Iteration 1: 
[01:31:53.377] [debug] [ComposeRelations] swapping primed->temp and unprimed->temp variables
[ComposeRelations] Composition node count: 504
[01:31:53.377] [debug] [TransitiveClosure] Iteration 2: 
[01:31:53.377] [debug] [ComposeRelations] swapping primed->temp and unprimed->temp variables
[ComposeRelations] Composition node count: 152
[01:31:53.378] [debug] [TransitiveClosure] Iteration 3: 
[01:31:53.378] [debug] [ComposeRelations] swapping primed->temp and unprimed->temp variables
[ComposeRelations] Composition node count: 124
[01:31:53.378] [debug] [TransitiveClosure] Iteration 4: 
[01:31:53.378] [debug] [ComposeRelations] swapping primed->temp and unprimed->temp variables
[ComposeRelations] Composition node count: 124
[PeelLayer] Forall result is ONE (all states satisfy condition)
[WeakGameSolver] SCC decomposition completed in 1 ms (6 layers)
[01:31:53.379] [debug] [WeakGameSolver] Processing layer (72 states) = {65, 67, 69, 71, 73, 75, 77, 79, 81, 83, 85, 87, 89, 91, 93, 95, 97, 99, 101, 103, 105, 107, 109, 111, 113, 115, 117, 119, 121, 123, 125, 127, 193, 195, 197, 199, 201, 203, 205, 207, 209, 211, 213, 215, 217, 219, 221, 223, 225, 227, 229, 231, 233, 235, 237, 239, 240, 241, 242, 243, 244, 245, 246, 247, 248, 249, 250, 251, 252, 253, 254, 255}
[01:31:53.379] [debug] [WeakGameSolver] Good states in current layer (43 states) = {65, 67, 69, 71, 73, 75, 77, 79, 81, 83, 85, 87, 89, 91, 93, 95, 97, 99, 101, 103, 105, 107, 109, 111, 113, 115, 117, 119, 121, 123, 125, 127, 197, 209, 211, 213, 215, 217, 219, 221, 223, 229, 245}
[01:31:53.379] [debug] [WeakGameSolver] Bad states in current layer (29 states) = {193, 195, 199, 201, 203, 205, 207, 225, 227, 231, 233, 235, 237, 239, 240, 241, 242, 243, 244, 246, 247, 248, 249, 250, 251, 252, 253, 254, 255}
[01:31:53.379] [debug] [WeakGameSolver] Processing layer (27 states) = {0, 1, 3, 4, 5, 7, 12, 13, 15, 48, 49, 51, 52, 53, 55, 60, 61, 63, 64, 68, 76, 112, 116, 124, 192, 196, 204}
[01:31:53.379] [debug] [WeakGameSolver] Good states in current layer (8 states) = {5, 53, 64, 68, 76, 112, 116, 124}
[01:31:53.379] [debug] [WeakGameSolver] Bad states in current layer (19 states) = {0, 1, 3, 4, 7, 12, 13, 15, 48, 49, 51, 52, 55, 60, 61, 63, 192, 196, 204}
[01:31:53.379] [debug] [WeakGameSolver] Processing layer (72 states) = {2, 6, 8, 9, 11, 14, 16, 17, 19, 20, 21, 23, 28, 29, 31, 32, 33, 35, 36, 37, 39, 44, 45, 47, 50, 54, 56, 57, 59, 62, 66, 70, 72, 78, 80, 84, 92, 96, 100, 108, 114, 118, 120, 126, 128, 129, 131, 132, 133, 135, 140, 141, 143, 176, 177, 179, 180, 181, 183, 188, 189, 191, 194, 198, 200, 206, 208, 212, 220, 224, 228, 236}
[01:31:53.379] [debug] [WeakGameSolver] Good states in current layer (29 states) = {16, 17, 19, 20, 21, 23, 28, 29, 31, 37, 66, 70, 72, 78, 80, 84, 92, 96, 100, 108, 114, 118, 120, 126, 133, 181, 208, 212, 220}
[01:31:53.379] [debug] [WeakGameSolver] Bad states in current layer (43 states) = {2, 6, 8, 9, 11, 14, 32, 33, 35, 36, 39, 44, 45, 47, 50, 54, 56, 57, 59, 62, 128, 129, 131, 132, 135, 140, 141, 143, 176, 177, 179, 180, 183, 188, 189, 191, 194, 198, 200, 206, 224, 228, 236}
[01:31:53.379] [debug] [WeakGameSolver] Processing layer (63 states) = {10, 18, 22, 24, 25, 27, 30, 34, 38, 40, 41, 43, 46, 58, 74, 82, 86, 88, 94, 98, 102, 104, 110, 122, 130, 134, 136, 137, 139, 142, 144, 145, 147, 148, 149, 151, 156, 157, 159, 160, 161, 163, 164, 165, 167, 172, 173, 175, 178, 182, 184, 185, 187, 190, 202, 210, 214, 216, 222, 226, 230, 232, 238}
[01:31:53.379] [debug] [WeakGameSolver] Good states in current layer (30 states) = {18, 22, 24, 25, 27, 30, 74, 82, 86, 88, 94, 98, 102, 104, 110, 122, 144, 145, 147, 148, 149, 151, 156, 157, 159, 165, 210, 214, 216, 222}
[01:31:53.379] [debug] [WeakGameSolver] Bad states in current layer (33 states) = {10, 34, 38, 40, 41, 43, 46, 58, 130, 134, 136, 137, 139, 142, 160, 161, 163, 164, 167, 172, 173, 175, 178, 182, 184, 185, 187, 190, 202, 226, 230, 232, 238}
[01:31:53.380] [debug] [WeakGameSolver] Processing layer (20 states) = {26, 42, 90, 106, 138, 146, 150, 152, 153, 155, 158, 162, 166, 168, 169, 171, 174, 186, 218, 234}
[01:31:53.380] [debug] [WeakGameSolver] Good states in current layer (10 states) = {26, 90, 106, 146, 150, 152, 153, 155, 158, 218}
[01:31:53.380] [debug] [WeakGameSolver] Bad states in current layer (10 states) = {42, 138, 162, 166, 168, 169, 171, 174, 186, 234}
[01:31:53.380] [debug] [WeakGameSolver] Processing layer (2 states) = {154, 170}
[01:31:53.380] [debug] [WeakGameSolver] Good states in current layer (1 states) = {154}
[01:31:53.380] [debug] [WeakGameSolver] Bad states in current layer (1 states) = {170}
WeakGameSolver completed
Realizability: false
LTLf+ synthesis is UNREALIZABLE
